53.4808862784323,1.68836702717858,1.75967038970425,1.67141771999719,1.16974945188023,1.82715189355759,1.52259434644254,1.71522414019109,1.16933282239797,1.99039293126687,1.82578732391158,1.70064821965091,1.30934095769624,1.63835209730936,1.40231389431391,1.5630101419813,1.22651472698269,1.84827338152019,1.61433465202075,1.98046975116267,1.38410594332223,1.06929278842606,1.59821447897619,1.01057955390335,1.53213796789392,1.77298632439831,1.00383659266114,1.14481233625897,1.9214007597982,1.66760668049921,1.67605272153209,1.40228703776481,1.35597370721212,1.43572311123634,1.07370475729634,1.52572315955801,1.26287500432826,1.59629910373888,1.24094729928344,1.43220782672624,1.58669203454009,1.06673462272935,1.13285604591149,1.89603299223633,1.70508672050437,1.53516994069105,1.45904313421764,1.93160144748706,1.38344332174558,1.07337778577273,1.91207119818408,1.76754926506781
1.68836702717858,53.5102856766946,1.77812881897116,1.67480854209271,1.28327200062725,1.78196541209797,1.81962087835168,1.20467275995979,1.44957209213151,1.4956735994181,1.60695979819026,1.8055457998093,1.93139671065444,1.6806645554866,1.33126895890165,1.19427171451704,1.27696365922548,1.57221625818508,1.62647954170894,1.86365569376557,1.6389508813801,1.75933558762043,1.7596886860019,1.34403760141881,1.29450552784582,1.21873181975388,1.27563904844021,1.67794885005706,1.2921096055266,1.18771024615863,1.44549811465922,1.43478017972539,1.69799592285324,1.22362693363038,1.10958872135244,1.98126792348049,1.00559234526269,1.92920959970411,1.18594068297462,1.4551644373942,1.42488319865655,1.79290048116487,1.26071023673784,1.35627990931099,1.47356503665148,1.59197919563948,1.55055162382803,1.75052869587696,1.16419545382457,1.17703116507131,1.61418438917686,1.80314633520467
1.75967038970425,1.77812881897116,53.1471839361578,1.23087228053756,1.59260489446698,1.42282298459803,1.90882113059462,1.88471449999358,1.61053323075666,1.35431924525384,1.31949467925331,1.30852915314423,1.57794617888422,1.42908340060575,1.28979707615906,1.58353852414691,1.3582929998442,1.47573775913368,1.03870296107545,1.78317619896642,1.26863824029855,1.29941319827894,1.13945610781175,1.74220327695003,1.89139239391843,1.69000773163978,1.49273197236132,1.05558784727733,1.86703889717676,1.10691636107253,1.858734182482,1.80340564986849,1.48078943625129,1.00591811817415,1.03427792994039,1.07339433025261,1.42874110277218,1.94309906100067,1.95810883071186,1.03927433306318,1.29741830578885,1.27760350949951,1.34780348620741,1.87536448467307,1.70668691057092,1.63760056236647,1.45890300835432,1.06497990994946,1.11333832150015,1.49760596942976,1.84815610891588,1.3819765617987
1.67141771999719,1.67480854209271,1.23087228053756,53.6884115616271,1.67761994836741,1.6169118106444,1.74399940890446,1.54465884507851,1.72382817171692,1.60273359138646,1.34806449448134,1.20461760750255,1.60865170956061,1.38234242442173,1.27801193822083,1.03739281233279,1.32544148495674,1.23612076846702,1.07666714539596,1.62285979074559,1.51372427796653,1.42447063206903,1.498224274953,1.22041118807179,1.06207119396984,1.95712728330732,1.28539109848691,1.17540951546999,1.45473325273708,1.13354720693712,1.55738607726869,1.25175241998013,1.12115942366475,1.68156591555177,1.94016398160726,1.79877937203216,1.2984777257305,1.68416339051172,1.34343821664501,1.02230589744742,1.28689698143252,1.69150271112635,1.22692350494998,1.89554869099313,1.07384513508242,1.5049354431708,1.93294150332592,1.39928662050482,1.74105621163782,1.00960864872188,1.02214641078475,1.25478048960435
1.16974945188023,1.28327200062725,1.59260489446698,1.67761994836741,53.4774979690451,1.76058277616304,1.6715599906964,1.93223122178215,1.89412998356583,1.22894606749944,1.18398364176228,1.01528940676492,1.91051198351686,1.12414762290388,1.81406877879708,1.2089897087817,1.8083110134156,1.15750699497643,1.23129560622913,1.09520799438246,1.84900970610278,1.45821911164476,1.99075668584125,1.9228548411852,1.96315455481557,1.9236981887015,1.32214146122436,1.70421076645339,1.93330683742338,1.34428787247477,1.95899125605775,1.36738611774863,1.86465855867819,1.43418293326822,1.86353659297504,1.3421565272576,1.19476570943127,1.53509658320579,1.27438774903975,1.08889569253144,1.76404265070522,1.45837139080203,1.10418509929636,1.67455463375643,1.58251901370591,1.91825387809344,1.88354434300379,1.39083002712151,1.07576087260421,1.11483994876726,1.48603802150397,1.924770578707
1.82715189355759,1.78196541209797,1.42282298459803,1.6169118106444,1.76058277616304,53.1697668806509,1.24042438121532,1.33379973253878,1.51405475312567,1.19941563680741,1.70118585075307,1.3787133113382,1.63359857007563,1.56472244326245,1.7208698385958,1.8283642795069,1.09981902600258,1.99525758763554,1.91725997203833,1.8638616767078,1.45362897797191,1.02144507086903,1.53841631046423,1.03614799167782,1.93969894896247,1.42196065300236,1.42697801879932,1.01545982110103,1.53680060176961,1.91301604030329,1.94023039980802,1.10985966218163,1.38981074718284,1.78785581923456,1.64607327740922,1.7903036427639,1.95762269988545,1.88649765862455,1.12410337483701,1.47167745254546,1.08591329496629,1.82528922559008,1.85039076388366,1.71951186504192,1.39001166838687,1.57126060201379,1.54787614454882,1.48983069438945,1.56651818964934,1.46513611612149,1.35369237109725,1.02014716715559
1.52259434644254,1.81962087835168,1.90882113059462,1.74399940890446,1.6715599906964,1.24042438121532,53.4417399575197,1.85086993586778,1.39628921793601,1.38197035686205,1.96072959804941,1.78609996511885,1.16982617563094,1.60680287499298,1.57640360741709,1.12744887505074,1.49330053315186,1.7005069822541,1.5991263275962,1.57921382811815,1.52579620784418,1.4495170910142,1.29872569316007,1.91580787623106,1.02077769302799,1.84660183770889,1.40563857062051,1.58729588267733,1.31173795336473,1.75933094171776,1.60744304983292,1.79831914082091,1.65143962281357,1.66373820913198,1.22459927677391,1.96550895691174,1.14701138629905,1.6663392342936,1.81637889231387,1.54330060423506,1.04830959068998,1.77710849036328,1.32940056888824,1.21813576678659,1.38391136489059,1.90580417630533,1.34558464183732,1.87721189850811,1.60631115855943,1.94471096989918,1.45642572616061,1.13210736593795
1.71522414019109,1.20467275995979,1.88471449999358,1.54465884507851,1.93223122178215,1.33379973253878,1.85086993586778,53.9134912103943,1.21288475357596,1.60974468598596,1.71181035074955,1.86432437638954,1.27348289465228,1.93640962752346,1.82983333283562,1.42049428095133,1.6027488613514,1.64621222514948,1.96379488565204,1.65105845250704,1.4233207150471,1.29319545407463,1.86919421929363,1.8072320799377,1.19899963037996,1.21477886066529,1.68444397798015,1.80531078893939,1.15948983009881,1.14086970414076,1.93741815487734,1.55371789101219,1.89602112346144,1.98533339658069,1.9687236444879,1.49777438002535,1.43888720890455,1.97102528064094,1.41126558995399,1.65177196248051,1.58076996616124,1.12307594023788,1.51609633887005,1.85425286081352,1.05948556776135,1.34592967124001,1.27474714129919,1.66223442911274,1.99214189638949,1.23854202648557,1.31329288115413,1.41546261097093
1.16933282239797,1.44957209213151,1.61053323075666,1.72382817171692,1.89412998356583,1.51405475312567,1.39628921793601,1.21288475357596,53.0480083725639,1.47346605429122,1.11047368175838,1.94402949649097,1.45879945040625,1.07919732624628,1.44180387605066,1.8976866593108,1.05022260642155,1.85306946600465,1.54945862179131,1.63099257258279,1.97614540624253,1.0655549601957,1.48524543293065,1.03563097353821,1.41148463143571,1.75999257422983,1.69786540311662,1.4036265278252,1.99853460118106,1.01115828380508,1.81908913879613,1.53027208174126,1.19364538425284,1.0417838292391,1.26100919268141,1.59091134536588,1.94892249859354,1.79705709256095,1.14766713611207,1.99693087115741,1.2705231463865,1.25814081833611,1.94096036718272,1.72932259679275,1.33733814458239,1.38276424276771,1.62700925610355,1.38756075100394,1.2358337083067,1.1764678774292,1.01855332312107,1.21197911454922
1.99039293126687,1.4956735994181,1.35431924525384,1.60273359138646,1.22894606749944,1.19941563680741,1.38197035686205,1.60974468598596,1.47346605429122,53.8762231356819,1.79259801227255,1.15027915926197,1.91800696492102,1.0536072044883,1.74119050462786,1.8669294630489,1.85066429704924,1.88885764073993,1.86386033420631,1.12118744297008,1.14699845861038,1.80482070092336,1.85051004022849,1.48433660319277,1.18758494369108,1.47751929586638,1.87189735419671,1.42341865199777,1.65398717329557,1.89045067731778,1.635397766547,1.89601001092047,1.39424943290383,1.8830078551001,1.54951747951541,1.65804076318538,1.82848334583849,1.60665147640121,1.92036669371667,1.78511712084763,1.48287461161747,1.71296470598921,1.9353962801096,1.40088157607284,1.76657191047751,1.6765867842718,1.26781103912173,1.61723620752675,1.56544442501173,1.13167137286238,1.73842365049684,1.71244288362211
1.82578732391158,1.60695979819026,1.31949467925331,1.34806449448134,1.18398364176228,1.70118585075307,1.96072959804941,1.71181035074955,1.11047368175838,1.79259801227255,53.6164501694108,1.35337695076753,1.06590129019036,1.16596764892618,1.01141771348725,1.89438463649451,1.77261912532738,1.93178440766958,1.67950175687647,1.2554937364792,1.64474911319313,1.61489803698608,1.65637531255203,1.41132102320498,1.29148482079221,1.92418635167376,1.02855723026607,1.85692924580394,1.05585772407048,1.76698088122857,1.56937212942605,1.99234979832189,1.35591457102258,1.76615161624092,1.11642681486738,1.42236755714862,1.83482845678685,1.66392248434197,1.14280771563892,1.79395597465055,1.84681592036356,1.75925788551534,1.14733292541808,1.91271721055392,1.92522553444152,1.15875063890533,1.80710184658277,1.69784465930324,1.09053504610925,1.48660360345924,1.95333839578244,1.73528415930238
1.70064821965091,1.8055457998093,1.30852915314423,1.20461760750255,1.01528940676492,1.3787133113382,1.78609996511885,1.86432437638954,1.94402949649097,1.15027915926197,1.35337695076753,53.2980578650246,1.58543945177712,1.69853439680232,1.72042542217319,1.4202679080983,1.36245688067864,1.86323313781211,1.21422388274885,1.20927280057653,1.62249102286179,1.36155680816693,1.12199001113046,1.54771655683765,1.52030744707226,1.92909185771322,1.24556121567523,1.61084249364717,1.41569546070681,1.19889961099201,1.34612665248389,1.51719710068647,1.80861331932648,1.49273183499124,1.910183561924,1.34251337840339,1.66789424823033,1.16009926803415,1.93227116201644,1.61003754176667,1.979387104036,1.51437874348572,1.90809540679124,1.56482655534745,1.21291313982239,1.62852082849877,1.98509446344576,1.57537002050102,1.49175396631088,1.19931834572894,1.78464282154322,1.11424498870701
1.30934095769624,1.93139671065444,1.57794617888422,1.60865170956061,1.91051198351686,1.63359857007563,1.16982617563094,1.27348289465228,1.45879945040625,1.91800696492102,1.06590129019036,1.58543945177712,53.5308835820904,1.67880081277285,1.25754906994177,1.19877782985511,1.83890008080699,1.18982023149255,1.80881537162178,1.81828718437733,1.70419897497827,1.71691077841302,1.38311373925913,1.91711211480066,1.34543160644613,1.36820820270488,1.49248213530168,1.83718557275701,1.56752654843383,1.27712495637924,1.95143056192968,1.1284017023297,1.18375778858725,1.61339210747433,1.20958430329784,1.01948247804282,1.52091486869422,1.90160939791315,1.27090262867087,1.62733724137179,1.93976114454668,1.03951987998538,1.54237293291016,1.47064472617146,1.71832069275823,1.79992200285193,1.66942255602657,1.55722077356522,1.98974223481014,1.47823792764835,1.37550795747689,1.69394120932275
1.63835209730936,1.6806645554866,1.42908340060575,1.38234242442173,1.12414762290388,1.56472244326245,1.60680287499298,1.93640962752346,1.07919732624628,1.0536072044883,1.16596764892618,1.69853439680232,1.67880081277285,53.0323424530366,1.58390068196873,1.46350342196576,1.93395185094976,1.85480331110526,1.09084066333754,1.87371299549644,1.89432319109064,1.6332135962477,1.34435772120224,1.6126438833832,1.43313559909963,1.01378027722881,1.16986465648276,1.4228778334441,1.49201820487716,1.54537261442532,1.11681904230119,1.68716691047287,1.30399431116134,1.72787236642459,1.22774722204904,1.43082421060224,1.83140782538401,1.60551310684789,1.12518065801132,1.21206824025701,1.93470955311074,1.94793880868141,1.77648644418292,1.87729810638227,1.98028126171803,1.36038712615165,1.34080152834803,1.9142331126678,1.21519043679125,1.43164219168557,1.78794610769858,1.10951362741623
1.40231389431391,1.33126895890165,1.28979707615906,1.27801193822083,1.81406877879708,1.7208698385958,1.57640360741709,1.82983333283562,1.44180387605066,1.74119050462786,1.01141771348725,1.72042542217319,1.25754906994177,1.58390068196873,53.1722133030054,1.59696845412113,1.15852954944527,1.29739396101674,1.80903669437814,1.09323910255602,1.24533276923249,1.58552313856106,1.97053720893829,1.22561403095052,1.94591026471272,1.31133873682066,1.13984714315266,1.16110070103831,1.74298092850623,1.92779325085124,1.27061432845453,1.8078367164395,1.06009707882074,1.99277183925396,1.30582810254108,1.20618118495037,1.88479400653615,1.22669732255242,1.8442834954915,1.322188787778,1.26438558486495,1.16955271603984,1.06357788018118,1.0299462131364,1.72256915910289,1.2357911831866,1.62691466725753,1.88109870854816,1.533185144669,1.43595136163568,1.97433781110418,1.77851791390149
1.5630101419813,1.19427171451704,1.58353852414691,1.03739281233279,1.2089897087817,1.8283642795069,1.12744887505074,1.42049428095133,1.8976866593108,1.8669294630489,1.89438463649451,1.4202679080983,1.19877782985511,1.46350342196576,1.59696845412113,53.2766656387954,1.33955682597102,1.18233409718719,1.59885442657343,1.60394241083597,1.35188681322703,1.66243230722027,1.63388862443803,1.07445597186426,1.89822349040686,1.26080329122991,1.95555468087809,1.4314086346102,1.69675465286558,1.92989249151661,1.20992654851169,1.71822915259666,1.87476751109341,1.21405849289804,1.6856139165748,1.13098126749088,1.35803758090271,1.81409938159124,1.13017595239457,1.42980991882729,1.21319917459656,1.93720735373777,1.56167933603827,1.6050708073215,1.05006685669071,1.89972993819962,1.88173644611693,1.3896236831274,1.08206403538681,1.4805908722247,1.99356609396337,1.43395084861384
1.22651472698269,1.27696365922548,1.3582929998442,1.32544148495674,1.8083110134156,1.09981902600258,1.49330053315186,1.6027488613514,1.05022260642155,1.85066429704924,1.77261912532738,1.36245688067864,1.83890008080699,1.93395185094976,1.15852954944527,1.33955682597102,53.8029551127939,1.52977872338601,1.68448784513608,1.01615428692482,1.46698607665812,1.24616718117435,1.62122509424632,1.51705293334883,1.14589711890831,1.50296153989758,1.90667661647623,1.22796115429511,1.98355241258794,1.9002427104396,1.66191200337462,1.12657559110158,1.52769742790968,1.17031882385272,1.16782226048774,1.41595543707533,1.63428032520892,1.64047756494976,1.00096809910655,1.0281343171504,1.32305941699215,1.30420991373444,1.29675582065096,1.21969976239824,1.29306564447147,1.6963585916424,1.47437768870703,1.09602075679974,1.22613731456275,1.15886553384311,1.11217504419022,1.69312339122087
1.84827338152019,1.57221625818508,1.47573775913368,1.23612076846702,1.15750699497643,1.99525758763554,1.7005069822541,1.64621222514948,1.85306946600465,1.88885764073993,1.93178440766958,1.86323313781211,1.18982023149255,1.85480331110526,1.29739396101674,1.18233409718719,1.52977872338601,53.9617166151114,1.27353645734188,1.47784892398764,1.26592652838022,1.5702922784585,1.69754868685154,1.55899217331735,1.26665086963524,1.1719263750929,1.65501293011709,1.49278818466365,1.33079190893601,1.76718797430731,1.18591157541886,1.73582462395347,1.50058811274385,1.39608789998856,1.28675445787923,1.73694979107797,1.51294084103449,1.06564544610011,1.95686388153437,1.53003649158871,1.5064484376956,1.30335356262669,1.0748295700526,1.11757025267816,1.81766550513807,1.03557808605748,1.36297239286963,1.97245501213356,1.99729470116892,1.63650885021151,1.4503039361212,1.26322122954913
1.61433465202075,1.62647954170894,1.03870296107545,1.07666714539596,1.23129560622913,1.91725997203833,1.5991263275962,1.96379488565204,1.54945862179131,1.86386033420631,1.67950175687647,1.21422388274885,1.80881537162178,1.09084066333754,1.80903669437814,1.59885442657343,1.68448784513608,1.27353645734188,53.5912169905339,1.24524387169874,1.74216965387676,1.66604656105211,1.36281412437689,1.55983515901483,1.70162464710959,1.72578651724653,1.53229017068273,1.69891934781285,1.36229536745804,1.98259410680392,1.96214057736198,1.5690964956624,1.13044672884534,1.78435397976281,1.04254849350199,1.45022572691097,1.26158031228072,1.00878867600522,1.10079663344696,1.50599461910594,1.16094043439298,1.48719216393642,1.25099703820934,1.70918009276929,1.16034215230511,1.73294924839071,1.77036059171444,1.8991375867739,1.17176533917513,1.36157758178263,1.14438145847264,1.91393499305189
1.98046975116267,1.86365569376557,1.78317619896642,1.62285979074559,1.09520799438246,1.8638616767078,1.57921382811815,1.65105845250704,1.63099257258279,1.12118744297008,1.2554937364792,1.20927280057653,1.81828718437733,1.87371299549644,1.09323910255602,1.60394241083597,1.01615428692482,1.47784892398764,1.24524387169874,53.3766515671167,1.15731568176174,1.193234663081,1.08583165942032,1.31765783406685,1.92618391147171,1.85619225113475,1.21679542084075,1.09794925018118,1.21776983291738,1.36117687931339,1.01188424276741,1.24539397528646,1.86837246216292,1.48565439483414,1.9746427652308,1.10135456179332,1.49171471711794,1.40281090205666,1.69663202934742,1.48036914574,1.79311961624451,1.86100599256391,1.59947030367305,1.96778231019517,1.06792844881673,1.16879718805142,1.40402531596088,1.28363958154043,1.8389207063424,1.34626294083254,1.66029114912278,1.99623638856981
1.38410594332223,1.6389508813801,1.26863824029855,1.51372427796653,1.84900970610278,1.45362897797191,1.52579620784418,1.4233207150471,1.97614540624253,1.14699845861038,1.64474911319313,1.62249102286179,1.70419897497827,1.89432319109064,1.24533276923249,1.35188681322703,1.46698607665812,1.26592652838022,1.74216965387676,1.15731568176174,53.419231567727,1.63272356923331,1.20383446021184,1.48716001654377,1.80152075728472,1.60785977663838,1.7707995980842,1.64044146362713,1.95412271747092,1.43109074674132,1.63667785173127,1.49362032138445,1.17721355528441,1.95057207390227,1.95930183630404,1.77952861496225,1.48126171691402,1.52293260140481,1.59961350709182,1.3731282387735,1.09844760927299,1.66509237450785,1.1333672227959,1.15961701197532,1.70521400715467,1.99496076954294,1.71250113179558,1.14814654092684,1.55318634470607,1.74575439689018,1.38419869140917,1.97241791243312
1.06929278842606,1.75933558762043,1.29941319827894,1.42447063206903,1.45821911164476,1.02144507086903,1.4495170910142,1.29319545407463,1.0655549601957,1.80482070092336,1.61489803698608,1.36155680816693,1.71691077841302,1.6332135962477,1.58552313856106,1.66243230722027,1.24616718117435,1.5702922784585,1.66604656105211,1.193234663081,1.63272356923331,53.3954472897553,1.38393502514061,1.58813033094077,1.39040805883259,1.09643615647053,1.73627687233327,1.94359440353866,1.84219055336071,1.12047556327678,1.91601231550612,1.22066851901853,1.70850871536346,1.37559024355169,1.40066724196107,1.90440164362285,1.60596777014712,1.22110742806509,1.05441728888751,1.26743604301821,1.67822546590037,1.69805325553662,1.10611787117371,1.0859155767066,1.30099105802411,1.72432831429147,1.97486740535817,1.42686146191641,1.94215226403538,1.23694747185192,1.6511794750817,1.82506858782147
1.59821447897619,1.7596886860019,1.13945610781175,1.498224274953,1.99075668584125,1.53841631046423,1.29872569316007,1.86919421929363,1.48524543293065,1.85051004022849,1.65637531255203,1.12199001113046,1.38311373925913,1.34435772120224,1.97053720893829,1.63388862443803,1.62122509424632,1.69754868685154,1.36281412437689,1.08583165942032,1.20383446021184,1.38393502514061,53.5803254407739,1.93632331534118,1.96184978073549,1.55519284566641,1.36318477725758,1.90400204430521,1.79214031751833,1.01436425187363,1.72907063212668,1.42453507912556,1.04947875209594,1.14226955042326,1.44733789956539,1.18102940832313,1.29174534105311,1.41373512307822,1.15477061791102,1.56169669495975,1.29614466209716,1.34918034651744,1.54015676422983,1.55414444513346,1.94425731708494,1.42301847712277,1.41811199738556,1.76044171525186,1.36029747843756,1.54951559312153,1.25485157885349,1.99562973575463
1.01057955390335,1.34403760141881,1.74220327695003,1.22041118807179,1.9228548411852,1.03614799167782,1.91580787623106,1.8072320799377,1.03563097353821,1.48433660319277,1.41132102320498,1.54771655683765,1.91711211480066,1.6126438833832,1.22561403095052,1.07445597186426,1.51705293334883,1.55899217331735,1.55983515901483,1.31765783406685,1.48716001654377,1.58813033094077,1.93632331534118,53.9882185221595,1.34084634312468,1.73651938873181,1.74866023741134,1.7011438220279,1.28603498138768,1.00351181579917,1.69677355731687,1.07307204095324,1.83868883589222,1.62872660794702,1.82195888125429,1.229058701186,1.92386443583475,1.47484776492922,1.41156888399812,1.2333665155961,1.85680728119649,1.01861414547014,1.5923473474534,1.38103634695571,1.07299730650755,1.13235758763382,1.1970107542337,1.54111559062317,1.82713844665659,1.57468185647143,1.30537853683595,1.87109965173113
1.53213796789392,1.29450552784582,1.89139239391843,1.06207119396984,1.96315455481557,1.93969894896247,1.02077769302799,1.19899963037996,1.41148463143571,1.18758494369108,1.29148482079221,1.52030744707226,1.34543160644613,1.43313559909963,1.94591026471272,1.89822349040686,1.14589711890831,1.26665086963524,1.70162464710959,1.92618391147171,1.80152075728472,1.39040805883259,1.96184978073549,1.34084634312468,53.7419359389422,1.45107336689302,1.723533689847,1.56907438513314,1.02575522289879,1.02891222621729,1.44017403639861,1.51826494583779,1.65269815486516,1.29949220982357,1.35162101143581,1.01300347131351,1.9074706201942,1.88612089906173,1.65934376961521,1.51896084636401,1.1173943430732,1.37875610887015,1.9691399088917,1.97739439596301,1.92012732891372,1.64837767167407,1.7612588842219,1.93634631388651,1.73918431892022,1.77848988761124,1.80937257959013,1.84860511117084
1.77298632439831,1.21873181975388,1.69000773163978,1.95712728330732,1.9236981887015,1.42196065300236,1.84660183770889,1.21477886066529,1.75999257422983,1.47751929586638,1.92418635167376,1.92909185771322,1.36820820270488,1.01378027722881,1.31133873682066,1.26080329122991,1.50296153989758,1.1719263750929,1.72578651724653,1.85619225113475,1.60785977663838,1.09643615647053,1.55519284566641,1.73651938873181,1.45107336689302,53.1523182607034,1.34374427252623,1.22187817339873,1.93080814831462,1.1531168516507,1.07048328456957,1.31887638676859,1.21655204390015,1.10150649449858,1.44888056416478,1.73106060350829,1.85606339427459,1.14795912622845,1.27132438554956,1.63953251980223,1.28721172515639,1.32985311342862,1.07569980019503,1.72595653390789,1.74000285274349,1.52487055190134,1.07217196238794,1.03627349018877,1.63338507322286,1.93734823769766,1.44993847117291,1.12065570294888
1.00383659266114,1.27563904844021,1.49273197236132,1.28539109848691,1.32214146122436,1.42697801879932,1.40563857062051,1.68444397798015,1.69786540311662,1.87189735419671,1.02855723026607,1.24556121567523,1.49248213530168,1.16986465648276,1.13984714315266,1.95555468087809,1.90667661647623,1.65501293011709,1.53229017068273,1.21679542084075,1.7707995980842,1.73627687233327,1.36318477725758,1.74866023741134,1.723533689847,1.34374427252623,53.3499812746188,1.37777756684356,1.86252879251844,1.79991974579167,1.4984332702581,1.63419321302054,1.64091759391172,1.0264869318467,1.88855148893248,1.63423370226949,1.8982848664272,1.36478793777748,1.55835795894189,1.92319965219274,1.91150767165772,1.80135860238288,1.16466648185843,1.55973389957088,1.49323980952298,1.13719391503241,1.06402352129297,1.3330801433572,1.38104573375594,1.20784566281729,1.4601322023478,1.9547506659081
1.14481233625897,1.67794885005706,1.05558784727733,1.17540951546999,1.70421076645339,1.01545982110103,1.58729588267733,1.80531078893939,1.4036265278252,1.42341865199777,1.85692924580394,1.61084249364717,1.83718557275701,1.4228778334441,1.16110070103831,1.4314086346102,1.22796115429511,1.49278818466365,1.69891934781285,1.09794925018118,1.64044146362713,1.94359440353866,1.90400204430521,1.7011438220279,1.56907438513314,1.22187817339873,1.37777756684356,53.5788485163724,1.73149353625788,1.33967948208548,1.53359918228053,1.15886114079452,1.65282027686612,1.80205763215295,1.33062123941752,1.89114162693319,1.42049735664413,1.88015890534975,1.9919917695187,1.83885682692698,1.92812984060875,1.72703512465909,1.89813389065589,1.00258770771445,1.3506299682663,1.59164465618862,1.97533044124736,1.33901274965099,1.8435133811289,1.87127282650735,1.23890320222774,1.89674070845206
1.9214007597982,1.2921096055266,1.86703889717676,1.45473325273708,1.93330683742338,1.53680060176961,1.31173795336473,1.15948983009881,1.99853460118106,1.65398717329557,1.05585772407048,1.41569546070681,1.56752654843383,1.49201820487716,1.74298092850623,1.69675465286558,1.98355241258794,1.33079190893601,1.36229536745804,1.21776983291738,1.95412271747092,1.84219055336071,1.79214031751833,1.28603498138768,1.02575522289879,1.93080814831462,1.86252879251844,1.73149353625788,53.1006310643166,1.85396932338084,1.5335766251821,1.03251275794232,1.55249687729054,1.97678447001464,1.16219723418457,1.77467230464084,1.2995395941192,1.87073022679925,1.72834126778335,1.9619742007749,1.1128624012288,1.84087137218605,1.2772290833654,1.15705220781129,1.28402271600627,1.48362559335475,1.62173937103792,1.60733296471058,1.68201387239714,1.92528336072587,1.85877305402363,1.60743727563295
1.66760668049921,1.18771024615863,1.10691636107253,1.13354720693712,1.34428787247477,1.91301604030329,1.75933094171776,1.14086970414076,1.01115828380508,1.89045067731778,1.76698088122857,1.19889961099201,1.27712495637924,1.54537261442532,1.92779325085124,1.92989249151661,1.9002427104396,1.76718797430731,1.98259410680392,1.36117687931339,1.43109074674132,1.12047556327678,1.01436425187363,1.00351181579917,1.02891222621729,1.1531168516507,1.79991974579167,1.33967948208548,1.85396932338084,53.9990366464476,1.3793004063793,1.45212895164831,1.1118374970331,1.26279105351436,1.37241272785348,1.45399658589344,1.76134782133687,1.92953242078867,1.89678673907033,1.11387391207454,1.02022873844031,1.37208964972388,1.0188968796371,1.08770952564092,1.00958979456201,1.69859215230615,1.45472990742639,1.51782016619938,1.10662869182724,1.78372448905545,1.13891293906556,1.35553660353438
1.67605272153209,1.44549811465922,1.858734182482,1.55738607726869,1.95899125605775,1.94023039980802,1.60744304983292,1.93741815487734,1.81908913879613,1.635397766547,1.56937212942605,1.34612665248389,1.95143056192968,1.11681904230119,1.27061432845453,1.20992654851169,1.66191200337462,1.18591157541886,1.96214057736198,1.01188424276741,1.63667785173127,1.91601231550612,1.72907063212668,1.69677355731687,1.44017403639861,1.07048328456957,1.4984332702581,1.53359918228053,1.5335766251821,1.3793004063793,53.9486280642211,1.13252489694046,1.44585876001318,1.83709529546886,1.61232230980523,1.76280103100594,1.86582611914064,1.86398285341635,1.40491101350864,1.89359358879439,1.4949438029411,1.49914994765965,1.03319855548125,1.38869580644588,1.96580160966413,1.62680010806154,1.04379563082186,1.36198569152597,1.11718839924652,1.81276936773805,1.77839851275943,1.97966634015537
1.40228703776481,1.43478017972539,1.80340564986849,1.25175241998013,1.36738611774863,1.10985966218163,1.79831914082091,1.55371789101219,1.53027208174126,1.89601001092047,1.99234979832189,1.51719710068647,1.1284017023297,1.68716691047287,1.8078367164395,1.71822915259666,1.12657559110158,1.73582462395347,1.5690964956624,1.24539397528646,1.49362032138445,1.22066851901853,1.42453507912556,1.07307204095324,1.51826494583779,1.31887638676859,1.63419321302054,1.15886114079452,1.03251275794232,1.45212895164831,1.13252489694046,53.9336245064315,1.27185024100908,1.83392475677371,1.02072725818526,1.51322335401234,1.07554673313887,1.70092147109142,1.49717320990617,1.8459695507055,1.32974374682165,1.6136479622748,1.06225112735399,1.7956613184864,1.34244502444865,1.04133373547408,1.12740500789481,1.9352249395732,1.4253273571028,1.35274228656327,1.02294865717317,1.30847092592552
1.35597370721212,1.69799592285324,1.48078943625129,1.12115942366475,1.86465855867819,1.38981074718284,1.65143962281357,1.89602112346144,1.19364538425284,1.39424943290383,1.35591457102258,1.80861331932648,1.18375778858725,1.30399431116134,1.06009707882074,1.87476751109341,1.52769742790968,1.50058811274385,1.13044672884534,1.86837246216292,1.17721355528441,1.70850871536346,1.04947875209594,1.83868883589222,1.65269815486516,1.21655204390015,1.64091759391172,1.65282027686612,1.55249687729054,1.1118374970331,1.44585876001318,1.27185024100908,53.0535579254169,1.23156937548498,1.72128563780397,1.07314126243495,1.5999163494445,1.2204240417203,1.42570912159314,1.95759270524494,1.70175312678411,1.71190148718278,1.58711930205446,1.01700696815597,1.01882111095768,1.72986925334198,1.4078075426667,1.02666220535834,1.36979241360435,1.64457766788294,1.36424704704631,1.62336353660718
1.43572311123634,1.22362693363038,1.00591811817415,1.68156591555177,1.43418293326822,1.78785581923456,1.66373820913198,1.98533339658069,1.0417838292391,1.8830078551001,1.76615161624092,1.49273183499124,1.61339210747433,1.72787236642459,1.99277183925396,1.21405849289804,1.17031882385272,1.39608789998856,1.78435397976281,1.48565439483414,1.95057207390227,1.37559024355169,1.14226955042326,1.62872660794702,1.29949220982357,1.10150649449858,1.0264869318467,1.80205763215295,1.97678447001464,1.26279105351436,1.83709529546886,1.83392475677371,1.23156937548498,53.4423921431612,1.53661721643834,1.23448825591918,1.19301291331323,1.58625347008289,1.60602608491016,1.4978234276631,1.71004299480004,1.20223548831522,1.85619186789551,1.06540189453652,1.51973052998992,1.28770156963156,1.0206771437175,1.05764961291926,1.1449203934264,1.93354509814342,1.29732182309838,1.71404070486968
1.07370475729634,1.10958872135244,1.03427792994039,1.94016398160726,1.86353659297504,1.64607327740922,1.22459927677391,1.9687236444879,1.26100919268141,1.54951747951541,1.11642681486738,1.910183561924,1.20958430329784,1.22774722204904,1.30582810254108,1.6856139165748,1.16782226048774,1.28675445787923,1.04254849350199,1.9746427652308,1.95930183630404,1.40066724196107,1.44733789956539,1.82195888125429,1.35162101143581,1.44888056416478,1.88855148893248,1.33062123941752,1.16219723418457,1.37241272785348,1.61232230980523,1.02072725818526,1.72128563780397,1.53661721643834,53.7296744527899,1.06172082715748,1.84070114597711,1.99271223926577,1.58927293754615,1.73613757441572,1.4787624848442,1.36948835541005,1.10791788394932,1.4072048740495,1.68632099017795,1.71418644986776,1.52866017656804,1.58940709456308,1.9264811002307,1.14793890628402,1.20253619328259,1.34101123890887
1.52572315955801,1.98126792348049,1.07339433025261,1.79877937203216,1.3421565272576,1.7903036427639,1.96550895691174,1.49777438002535,1.59091134536588,1.65804076318538,1.42236755714862,1.34251337840339,1.01948247804282,1.43082421060224,1.20618118495037,1.13098126749088,1.41595543707533,1.73694979107797,1.45022572691097,1.10135456179332,1.77952861496225,1.90440164362285,1.18102940832313,1.229058701186,1.01300347131351,1.73106060350829,1.63423370226949,1.89114162693319,1.77467230464084,1.45399658589344,1.76280103100594,1.51322335401234,1.07314126243495,1.23448825591918,1.06172082715748,53.359736308623,1.04981237931634,1.86893268947906,1.57276486771776,1.60622667363203,1.78574018729187,1.85207901608761,1.00587407313561,1.62666307698314,1.86106761724738,1.46724230026232,1.30828711265153,1.86276845720726,1.51788346493518,1.72604872273563,1.34323178154567,1.93801298501809
1.26287500432826,1.00559234526269,1.42874110277218,1.2984777257305,1.19476570943127,1.95762269988545,1.14701138629905,1.43888720890455,1.94892249859354,1.82848334583849,1.83482845678685,1.66789424823033,1.52091486869422,1.83140782538401,1.88479400653615,1.35803758090271,1.63428032520892,1.51294084103449,1.26158031228072,1.49171471711794,1.48126171691402,1.60596777014712,1.29174534105311,1.92386443583475,1.9074706201942,1.85606339427459,1.8982848664272,1.42049735664413,1.2995395941192,1.76134782133687,1.86582611914064,1.07554673313887,1.5999163494445,1.19301291331323,1.84070114597711,1.04981237931634,53.3177661454853,1.690366248456,1.35944790177022,1.95648104276344,1.85566573490187,1.75862032396655,1.37465692422104,1.80359541149977,1.73205120336826,1.15256911476728,1.80133746741402,1.57441477178336,1.50324617303128,1.40530619649464,1.20251852702467,1.70600224691723
1.59629910373888,1.92920959970411,1.94309906100067,1.68416339051172,1.53509658320579,1.88649765862455,1.6663392342936,1.97102528064094,1.79705709256095,1.60665147640121,1.66392248434197,1.16009926803415,1.90160939791315,1.60551310684789,1.22669732255242,1.81409938159124,1.64047756494976,1.06564544610011,1.00878867600522,1.40281090205666,1.52293260140481,1.22110742806509,1.41373512307822,1.47484776492922,1.88612089906173,1.14795912622845,1.36478793777748,1.88015890534975,1.87073022679925,1.92953242078867,1.86398285341635,1.70092147109142,1.2204240417203,1.58625347008289,1.99271223926577,1.86893268947906,1.690366248456,53.2335547279723,1.02903755289923,1.2408369519938,1.45373894900723,1.87931040948225,1.70780287622837,1.25136821635597,1.76200830971916,1.32272106517233,1.36676362919005,1.33507245794641,1.2970871558865,1.43864008478757,1.76380234154118,1.03007357056722
1.24094729928344,1.18594068297462,1.95810883071186,1.34343821664501,1.27438774903975,1.12410337483701,1.81637889231387,1.41126558995399,1.14766713611207,1.92036669371667,1.14280771563892,1.93227116201644,1.27090262867087,1.12518065801132,1.8442834954915,1.13017595239457,1.00096809910655,1.95686388153437,1.10079663344696,1.69663202934742,1.59961350709182,1.05441728888751,1.15477061791102,1.41156888399812,1.65934376961521,1.27132438554956,1.55835795894189,1.9919917695187,1.72834126778335,1.89678673907033,1.40491101350864,1.49717320990617,1.42570912159314,1.60602608491016,1.58927293754615,1.57276486771776,1.35944790177022,1.02903755289923,53.4592948106394,1.65247820860356,1.5643445703035,1.38217212370698,1.12826897815255,1.53749696283485,1.85140149614373,1.32365532839841,1.78524429247959,1.55418559562144,1.54807923200916,1.27382857411812,1.71070864457204,1.65181354510217
1.43220782672624,1.4551644373942,1.03927433306318,1.02230589744742,1.08889569253144,1.47167745254546,1.54330060423506,1.65177196248051,1.99693087115741,1.78511712084763,1.79395597465055,1.61003754176667,1.62733724137179,1.21206824025701,1.322188787778,1.42980991882729,1.0281343171504,1.53003649158871,1.50599461910594,1.48036914574,1.3731282387735,1.26743604301821,1.56169669495975,1.2333665155961,1.51896084636401,1.63953251980223,1.92319965219274,1.83885682692698,1.9619742007749,1.11387391207454,1.89359358879439,1.8459695507055,1.95759270524494,1.4978234276631,1.73613757441572,1.60622667363203,1.95648104276344,1.2408369519938,1.65247820860356,53.0923235118819,1.03489336047084,1.9154545720273,1.73605723899606,1.02806178155731,1.70321720079669,1.37032641999904,1.89717391827012,1.66034885852614,1.46389041210706,1.41876426265517,1.18182508655909,1.93962652838772
1.58669203454009,1.42488319865655,1.29741830578885,1.28689698143252,1.76404265070522,1.08591329496629,1.04830959068998,1.58076996616124,1.2705231463865,1.48287461161747,1.84681592036356,1.979387104036,1.93976114454668,1.93470955311074,1.26438558486495,1.21319917459656,1.32305941699215,1.5064484376956,1.16094043439298,1.79311961624451,1.09844760927299,1.67822546590037,1.29614466209716,1.85680728119649,1.1173943430732,1.28721172515639,1.91150767165772,1.92812984060875,1.1128624012288,1.02022873844031,1.4949438029411,1.32974374682165,1.70175312678411,1.71004299480004,1.4787624848442,1.78574018729187,1.85566573490187,1.45373894900723,1.5643445703035,1.03489336047084,53.5425412378006,1.54611904572049,1.0453837393063,1.97064438088361,1.91502839509166,1.10002126176843,1.80808236627285,1.66704282149069,1.86509513057074,1.73784386354398,1.45395060836056,1.54562357046903
1.06673462272935,1.79290048116487,1.27760350949951,1.69150271112635,1.45837139080203,1.82528922559008,1.77710849036328,1.12307594023788,1.25814081833611,1.71296470598921,1.75925788551534,1.51437874348572,1.03951987998538,1.94793880868141,1.16955271603984,1.93720735373777,1.30420991373444,1.30335356262669,1.48719216393642,1.86100599256391,1.66509237450785,1.69805325553662,1.34918034651744,1.01861414547014,1.37875610887015,1.32985311342862,1.80135860238288,1.72703512465909,1.84087137218605,1.37208964972388,1.49914994765965,1.6136479622748,1.71190148718278,1.20223548831522,1.36948835541005,1.85207901608761,1.75862032396655,1.87931040948225,1.38217212370698,1.9154545720273,1.54611904572049,53.2282290939373,1.85951909788862,1.66643661338204,1.7814014129254,1.07735387937974,1.60688185254432,1.1399754216615,1.04998410076368,1.14195987169722,1.04109066866389,1.56873336786811
1.13285604591149,1.26071023673784,1.34780348620741,1.22692350494998,1.10418509929636,1.85039076388366,1.32940056888824,1.51609633887005,1.94096036718272,1.9353962801096,1.14733292541808,1.90809540679124,1.54237293291016,1.77648644418292,1.06357788018118,1.56167933603827,1.29675582065096,1.0748295700526,1.25099703820934,1.59947030367305,1.1333672227959,1.10611787117371,1.54015676422983,1.5923473474534,1.9691399088917,1.07569980019503,1.16466648185843,1.89813389065589,1.2772290833654,1.0188968796371,1.03319855548125,1.06225112735399,1.58711930205446,1.85619186789551,1.10791788394932,1.00587407313561,1.37465692422104,1.70780287622837,1.12826897815255,1.73605723899606,1.0453837393063,1.85951909788862,53.0490374979791,1.46341470790255,1.83450189411384,1.33558630213867,1.51770480653164,1.12838424375671,1.53886145238712,1.7654128441426,1.00277155079077,1.97036569703853
1.89603299223633,1.35627990931099,1.87536448467307,1.89554869099313,1.67455463375643,1.71951186504192,1.21813576678659,1.85425286081352,1.72932259679275,1.40088157607284,1.91271721055392,1.56482655534745,1.47064472617146,1.87729810638227,1.0299462131364,1.6050708073215,1.21969976239824,1.11757025267816,1.70918009276929,1.96778231019517,1.15961701197532,1.0859155767066,1.55414444513346,1.38103634695571,1.97739439596301,1.72595653390789,1.55973389957088,1.00258770771445,1.15705220781129,1.08770952564092,1.38869580644588,1.7956613184864,1.01700696815597,1.06540189453652,1.4072048740495,1.62666307698314,1.80359541149977,1.25136821635597,1.53749696283485,1.02806178155731,1.97064438088361,1.66643661338204,1.46341470790255,53.1388382078795,1.37059366068365,1.29408444896996,1.94887333640311,1.14211448009224,1.34043748273535,1.32615209060076,1.31679455159083,1.12840959621985
1.70508672050437,1.47356503665148,1.70668691057092,1.07384513508242,1.58251901370591,1.39001166838687,1.38391136489059,1.05948556776135,1.33733814458239,1.76657191047751,1.92522553444152,1.21291313982239,1.71832069275823,1.98028126171803,1.72256915910289,1.05006685669071,1.29306564447147,1.81766550513807,1.16034215230511,1.06792844881673,1.70521400715467,1.30099105802411,1.94425731708494,1.07299730650755,1.92012732891372,1.74000285274349,1.49323980952298,1.3506299682663,1.28402271600627,1.00958979456201,1.96580160966413,1.34244502444865,1.01882111095768,1.51973052998992,1.68632099017795,1.86106761724738,1.73205120336826,1.76200830971916,1.85140149614373,1.70321720079669,1.91502839509166,1.7814014129254,1.83450189411384,1.37059366068365,53.9027276257531,1.97416974556361,1.71161799445358,1.72241429645681,1.48478660010024,1.16351482233196,1.78004507104868,1.95795102555209
