53.5689278447856,1.24295927036691,1.92877978315986,1.89014780143748,1.61143512121003,1.49560790811461,1.06968582191956,1.7641531563197,1.2807471730191,1.74188583704731,1.72409811509964,1.2718483606688,1.45256406788368,1.03714665120335,1.3342554617367,1.61215876257613,1.76166662795547,1.88671044767215,1.90113556706399,1.35756650024912,1.96283628743274,1.93654071536685,1.13757197751551,1.86409506800775,1.65193661239554,1.20091596813915,1.28156980279906,1.66765979196302,1.41410634685965,1.00346342846912,1.84435642130876,1.98303419164523,1.24642269883604,1.77313620400295,1.87318199261705,1.85785782004607,1.26874411211756,1.94286781453661,1.62201097590011,1.54949128513666,1.68475365111826,1.34610909053409,1.82133964580546,1.13731771853628,1.38325574173744,1.15559510754216,1.74947648111241,1.1449223696929,1.04230555474866,1.6506120481764,1.50248886994202,1.00514184218139
1.24295927036691,53.6400608474575,1.86923691018915,1.23908937547313,1.84097681559668,1.15080671252255,1.90674916743615,1.25508316199066,1.15427014145733,1.75110558827925,1.23811735317023,1.40069284029337,1.5242417922822,1.11129934532163,1.25855066033944,1.79298590439976,1.05416715985824,1.88056163623955,1.34247718907077,1.73892081097649,1.22667072677364,1.16381683441057,1.87623852997843,1.60992646851108,1.31941194195273,1.62571501062518,1.75484883820398,1.36171749716705,1.27632705833592,1.257337708146,1.36685933934844,1.86347982187917,1.89739855560353,1.23609624907193,1.10256919688665,1.73837537120021,1.38690296159447,1.00931836385714,1.99345853319087,1.54117310305181,1.76042395260205,1.2315758863611,1.94186594381084,1.28466574441859,1.34287523168273,1.20041660368462,1.07765164835269,1.39704239154097,1.08097823945851,1.42012883742346,1.13596320251746,1.30764896623215
1.92877978315986,1.86923691018915,53.9175754352089,1.90335761425242,1.63791674265541,1.67242427294721,1.2650751109538,1.91424380145699,1.92976198109321,1.63193445030224,1.7777236228705,1.82716053669674,1.86803069937417,1.88029281975715,1.56553590743129,1.25493366050298,1.88961118361429,1.5589944401565,1.79610676402045,1.65003513575068,1.7905703265176,1.73797270736563,1.93470088016926,1.13344555820033,1.93838931105025,1.01235252805629,1.5304879497413,1.01936755004309,1.43248136547975,1.66645115225876,1.32701651674091,1.01642703731378,1.67865288428899,1.24459195148414,1.9197846515662,1.3165696269444,1.91701622443135,1.18485976205434,1.23081342793573,1.84677820552456,1.81679421235658,1.00853705034057,1.67393874175564,1.68482491126509,1.88882987009773,1.23947464872127,1.93975857176807,1.77844105324635,1.79846908887777,1.73586533532285,1.42847618899703,1.58903941539537
1.89014780143748,1.23908937547313,1.90335761425242,53.4122273528074,1.37552959722259,1.25297292287134,1.43159490331616,1.80801096270234,1.91942407559577,1.75861142005707,1.82443800001612,1.5980769594191,1.00320337107554,1.74422265111665,1.9146465863635,1.92021959550689,1.92908241317099,1.14546001383358,1.76699780056579,1.74587662506191,1.15399706417415,1.44093654185577,1.43070153586133,1.04282693380622,1.68041119057704,1.3704601076294,1.82126798751823,1.47888027945481,1.10632544248659,1.2497441760496,1.06791969438452,1.58016348517507,1.61292124475023,1.79040466798023,1.99239083798248,1.98845084197281,1.04337759038591,1.42398574083298,1.79646180467515,1.96280166598167,1.18259716042438,1.62089980422561,1.56087862540077,1.18580053149993,1.36512245534226,1.47552521129862,1.10602012700682,1.29420486804759,1.62098522559786,1.87301792757261,1.0400814931095,1.77498228977201
1.61143512121003,1.84097681559668,1.63791674265541,1.37552959722259,53.8412431366002,1.63907721109645,1.47324593899457,1.94756857955249,1.88882138714605,1.54116563337909,1.52773206426191,1.50174263143062,1.33157030089366,1.52012290177873,1.49019347340343,1.37494789174523,1.94410864307736,1.28665527761292,1.33774955726124,1.12670580303609,1.90755508183853,1.89862818266201,1.31250633500167,1.27267753671514,1.37415339396063,1.41852646200849,1.56688240522839,1.99513861955848,1.29154438911543,1.6069638983379,1.77012090886483,1.60549885854381,1.07774692684307,1.58793013244305,1.59986451854923,1.91899006390897,1.22700734307384,1.07311045707814,1.8665586429958,1.11582872975423,1.61427609092289,1.39429070679205,1.61757136165051,1.94584639181655,1.91441360857078,1.10776483458828,1.32079428309612,1.85852225118248,1.39442011220121,1.65854384082302,1.98522805468423,1.30197519357408
1.49560790811461,1.15080671252255,1.67242427294721,1.25297292287134,1.63907721109645,53.1415351355176,1.92646403607282,1.0078052398785,1.74849903385551,1.69658494493765,1.61330409888798,1.82624596069858,1.28451507691504,1.21316861697155,1.74523602414189,1.51152242045455,1.28627907404968,1.61179466667203,1.62735115020878,1.90055516497258,1.00608537299842,1.24492251139363,1.84640155678913,1.92049898203486,1.35268734598192,1.16719583941959,1.77902123275167,1.74710745818313,1.8257396802426,1.76424928697024,1.04908265175721,1.38291170326197,1.06198367572482,1.62373538251209,1.31423711977631,1.77824452695355,1.7652705180297,1.24070115584913,1.78604976729772,1.51376955141955,1.93728610078678,1.39935386572003,1.34001551165246,1.22180117723616,1.61252248269158,1.08525153579435,1.73332359769071,1.89880155674126,1.69704620246638,1.36067474789949,1.79935672171384,1.70313157593046
1.06968582191956,1.90674916743615,1.2650751109538,1.43159490331616,1.47324593899457,1.92646403607282,53.7053920634582,1.6386937976995,1.16690107675591,1.75447471521538,1.02160550049581,1.22888475248073,1.3782100972618,1.33584262027212,1.00712927943428,1.14348061482584,1.57654377612124,1.79317904673199,1.65725016624539,1.51382987644236,1.19253291198636,1.99726567836351,1.73563105414418,1.80505539467794,1.0825172136922,1.46895465136923,1.70385695095354,1.77956341615858,1.82962939926872,1.50321367220171,1.48269499162338,1.43522665856184,1.14897194977336,1.10632554865737,1.39351126383688,1.96192606769592,1.5089773389087,1.09890332682938,1.60061986492976,1.6758784156646,1.85337804251042,1.62222536542556,1.90476316814533,1.23158813930656,1.95806798569768,1.9118924475796,1.37506875459806,1.53461176181892,1.70507149384593,1.03231892037779,1.04844163779562,1.89760440583229
1.7641531563197,1.25508316199066,1.91424380145699,1.80801096270234,1.94756857955249,1.0078052398785,1.6386937976995,53.0826567421121,1.90973042319982,1.37436021974979,1.51788340067392,1.05870237297318,1.48068576887282,1.9113946645108,1.02062844020344,1.98966310778151,1.01029799134019,1.62124830513319,1.66554152298045,1.86367603385061,1.2434736700931,1.57030469066012,1.09526417269151,1.20154165532512,1.48219713823972,1.47033292728957,1.73615341714404,1.18726863161999,1.50265184813303,1.78459505540533,1.08487303745228,1.53223644640866,1.56866774687947,1.78753283749685,1.64433825884216,1.8216950901885,1.1940495880293,1.53600348696858,1.90435183276625,1.10378001122911,1.91036370671837,1.42223523297451,1.1624823842023,1.39104947512553,1.33362989748531,1.18311082440573,1.38071258244138,1.3439278888255,1.80435912953893,1.04625410495617,1.20760392221045,1.04783279916636
1.2807471730191,1.15427014145733,1.92976198109321,1.91942407559577,1.88882138714605,1.74849903385551,1.16690107675591,1.90973042319982,53.7701229270409,1.37089760292829,1.80808931673322,1.33879067345466,1.15843044042514,1.45242757510973,1.16048576364316,1.35248002845444,1.9884310620783,1.06483759594375,1.45626003968355,1.89879476879667,1.48707282891826,1.61874242388585,1.28984424345654,1.82070272640358,1.80185324829158,1.67055682636358,1.16463061476342,1.60621237736485,1.71681093131975,1.37223453697387,1.65404517653121,1.33336972693604,1.67510263234149,1.90341963148835,1.43212566079205,1.44830365453302,1.88894750312387,1.71815022673372,1.72415652485758,1.65907042969906,1.08904782919635,1.53224584112514,1.99786110315372,1.24747826962149,1.98467341670053,1.15834686633122,1.59995829854159,1.97310447831317,1.22318446227498,1.05621833775948,1.87189924664418,1.7102572916589
1.74188583704731,1.75110558827925,1.63193445030224,1.75861142005707,1.54116563337909,1.69658494493765,1.75447471521538,1.37436021974979,1.37089760292829,53.737071563833,1.88248097472008,1.7429278016756,1.64049119485565,1.31460663504647,1.19123145574295,1.52943869751386,1.03275686131453,1.91538798060053,1.18850912674726,1.12180469097654,1.44763382172567,1.18637022990099,1.36928296059802,1.43230723796054,1.34471709623221,1.96924125913961,1.40541171580805,1.56790155897285,1.02545959689909,1.27731096245223,1.27815885016609,1.70042035901007,1.43905445255295,1.80911886776291,1.17723436848132,1.27135476855159,1.50470950012315,1.26026075578307,1.82046601586997,1.57253466992291,1.99733232008169,1.70294699012439,1.31546247113285,1.63782351447168,1.01755362517087,1.50669392734146,1.16726221198554,1.05031048648539,1.42208190747634,1.35577133873281,1.17211517746193,1.86971572920201
1.72409811509964,1.23811735317023,1.7777236228705,1.82443800001612,1.52773206426191,1.61330409888798,1.02160550049581,1.51788340067392,1.80808931673322,1.88248097472008,53.2365193526431,1.42380009751013,1.54203794130219,1.41375372159004,1.69515486606171,1.04674744142534,1.67401447737311,1.51562088146602,1.61928211134825,1.67134679698914,1.21856787159041,1.9347445824811,1.30917031146082,1.23612149676127,1.4414385093569,1.47643252344636,1.28643198324667,1.8635204172989,1.83220386217917,1.45854716117426,1.73323614603525,1.37434543081296,1.99994529969988,1.03525911273214,1.26120409567896,1.51058469643378,1.74269379570274,1.71596431951782,1.04668369053243,1.72743944065992,1.4488833930571,1.28320304317549,1.15123953770438,1.99092133435929,1.69695676476553,1.84639440376609,1.03766877531897,1.37097124213864,1.36201528476645,1.65695088666722,1.04231803866211,1.58058315635686
1.2718483606688,1.40069284029337,1.82716053669674,1.5980769594191,1.50174263143062,1.82624596069858,1.22888475248073,1.05870237297318,1.33879067345466,1.7429278016756,1.42380009751013,53.5616290967733,1.66514965410584,1.29567426177472,1.0722137927414,1.40784344934292,1.01163858082687,1.11889748327383,1.13528288953718,1.46052197388398,1.40210052691498,1.28652242724156,1.45144330777761,1.09905729121485,1.13291683054199,1.48911208356224,1.47002853335348,1.49493211530844,1.14606296976379,1.51234657248126,1.0755152716653,1.73775843891211,1.86383492260419,1.89221992478344,1.77089241741732,1.69175579617347,1.99535656114824,1.66754681229011,1.35188053145627,1.55704035822164,1.29743735319815,1.38635069755202,1.11866945452926,1.962587007304,1.68202495932673,1.19088324773632,1.37043045618126,1.69366354015361,1.30978073101015,1.50571334571844,1.15418551357192,1.71188125792513
1.45256406788368,1.5242417922822,1.86803069937417,1.00320337107554,1.33157030089366,1.28451507691504,1.3782100972618,1.48068576887282,1.15843044042514,1.64049119485565,1.54203794130219,1.66514965410584,53.3878199147935,1.74945473053933,1.34890437328671,1.38317647594175,1.41700154282944,1.70078490474298,1.94021683416339,1.7144388960276,1.08713560182933,1.05888628869266,1.67702590333159,1.76916056115607,1.24976953642898,1.04745635904719,1.46282410084401,1.55955026743913,1.55316970523129,1.61700961441594,1.27143152536425,1.34540547772562,1.22263843529981,1.08237007450423,1.27055808122761,1.31737934021157,1.36333715699768,1.69064280003805,1.55818321488713,1.1566508119724,1.18624279004812,1.53674552800914,1.8137993895513,1.57406270484164,1.28620025854846,1.16270376237235,1.95723918078339,1.70320180137791,1.86348866711533,1.89745601494678,1.41764069693984,1.95062426894467
1.03714665120335,1.11129934532163,1.88029281975715,1.74422265111665,1.52012290177873,1.21316861697155,1.33584262027212,1.9113946645108,1.45242757510973,1.31460663504647,1.41375372159004,1.29567426177472,1.74945473053933,53.3112562230375,1.33963631947508,1.48280086390805,1.00189902260988,1.89781953436221,1.63945167588045,1.188141812658,1.43456506237135,1.45325106496608,1.7622045179653,1.72076532091981,1.61595482733844,1.71944369828303,1.42396712183206,1.47944349398811,1.61689971276415,1.8416078187719,1.43006776246711,1.57324201593792,1.93627441904334,1.14985259163652,1.77935385554068,1.07839737789631,1.33246152164995,1.54501596258255,1.77369004244622,1.13208006561365,1.58210959452303,1.8143881842561,1.15433704487716,1.70157330143339,1.12564440729359,1.4939733648179,1.18437416487577,1.12754342990347,1.39179289871445,1.82382584075622,1.31568524302714,1.82635796108579
1.3342554617367,1.25855066033944,1.56553590743129,1.9146465863635,1.49019347340343,1.74523602414189,1.00712927943428,1.02062844020344,1.16048576364316,1.19123145574295,1.69515486606171,1.0722137927414,1.34890437328671,1.33963631947508,53.8273700186179,1.28485710140544,1.31184500516944,1.60106006059845,1.41693716701909,1.89395459969246,1.41544824438889,1.57127421189625,1.59552790066019,1.54109265168248,1.06524757624848,1.77990206553596,1.66863608205162,1.45704047542859,1.60372790582652,1.98432132507876,1.28339843604872,1.88080481108316,1.06221108513987,1.83052171805432,1.77383654321257,1.85954454394968,1.80161212096066,1.14631176886443,1.27377771505796,1.6143103426389,1.94885475744906,1.26125290256983,1.36328298289482,1.90125033720455,1.02808194515672,1.19065300104704,1.18610743814432,1.33992695032616,1.79171306164549,1.60304460516341,1.23388154955296,1.20716130603438
1.61215876257613,1.79298590439976,1.25493366050298,1.92021959550689,1.37494789174523,1.51152242045455,1.14348061482584,1.98966310778151,1.35248002845444,1.52943869751386,1.04674744142534,1.40784344934292,1.38317647594175,1.48280086390805,1.28485710140544,53.6121391433348,1.01399254427012,1.59674470806343,1.22644948597366,1.96284730218483,1.85799761063326,1.58973246886848,1.86409763892372,1.88607955578998,1.78038547038119,1.05020507706804,1.22600650565047,1.57209853156102,1.65324968223146,1.45988805566909,1.7792598375954,1.82756849929111,1.28929750588224,1.52751379531227,1.06713489259925,1.89860902163135,1.94440383461509,1.76374176133598,1.11164844274132,1.34561519853101,1.74374706612143,1.2054926754001,1.8090376475868,1.55427408849554,1.07317345080579,1.1320046401266,1.16641323183031,1.08716599507591,1.72874934865569,1.39286271780397,1.05001329679508,1.58674695882329
1.76166662795547,1.05416715985824,1.88961118361429,1.92908241317099,1.94410864307736,1.28627907404968,1.57654377612124,1.01029799134019,1.9884310620783,1.03275686131453,1.67401447737311,1.01163858082687,1.41700154282944,1.00189902260988,1.31184500516944,1.01399254427012,53.276010847779,1.45827604572208,1.9318718537371,1.01975791390043,1.66376872112219,1.74090950085824,1.57403200239597,1.73694217192798,1.8729141414505,1.74044523422627,1.82410816746955,1.60166348964053,1.13330795156458,1.87412146426464,1.18841044799816,1.11590313823703,1.78823239998344,1.66123696261143,1.878883794825,1.75254841277029,1.36006998287517,1.21396298250834,1.37011410778859,1.51879105834234,1.32830200825273,1.81524830209801,1.96680964015741,1.97015482884373,1.32751738854103,1.31343724267252,1.55641148358416,1.60352823632002,1.7717132883946,1.4882833368556,1.62328615022045,1.43548200951679
1.88671044767215,1.88056163623955,1.5589944401565,1.14546001383358,1.28665527761292,1.61179466667203,1.79317904673199,1.62124830513319,1.06483759594375,1.91538798060053,1.51562088146602,1.11889748327383,1.70078490474298,1.89781953436221,1.60106006059845,1.59674470806343,1.45827604572208,53.78154873279,1.43227891970066,1.60812326223036,1.59679703442231,1.39908855939242,1.57827809060844,1.92431442296333,1.71252580206493,1.1346895741926,1.52784265881769,1.48423909045953,1.6229729110482,1.15112880903814,1.91972109997632,1.85216574876204,1.34844696165456,1.09214528048977,1.95427272746073,1.28621034803158,1.08867762893842,1.65804319533428,1.35728168643884,1.95933144165172,1.55022411167166,1.54425616308314,1.61821765341713,1.10364199015481,1.61011443455243,1.02965227795283,1.01712985151314,1.88993568853006,1.81120101074278,1.4494087712138,1.49805895029477,1.40799804469943
1.90113556706399,1.34247718907077,1.79610676402045,1.76699780056579,1.33774955726124,1.62735115020878,1.65725016624539,1.66554152298045,1.45626003968355,1.18850912674726,1.61928211134825,1.13528288953718,1.94021683416339,1.63945167588045,1.41693716701909,1.22644948597366,1.9318718537371,1.43227891970066,53.1051376732556,1.8487053084414,1.54747909426106,1.72335532667272,1.95234729859622,1.15759352834783,1.75300760509121,1.96947715010935,1.04752921641224,1.56420861536833,1.41888592132315,1.545588166707,1.97220666053342,1.26738325192937,1.62192520761021,1.30451912726486,1.82840638460052,1.83295182224035,1.16467425327966,1.8736686077312,1.66695134791869,1.1759581883326,1.83865192990687,1.35311662235908,1.5356890850401,1.89578053303798,1.9935546242602,1.18163032977918,1.04158676464185,1.29203582056427,1.1848532609571,1.14672443789743,1.14074112900567,1.73233235521816
1.35756650024912,1.73892081097649,1.65003513575068,1.74587662506191,1.12670580303609,1.90055516497258,1.51382987644236,1.86367603385061,1.89879476879667,1.12180469097654,1.67134679698914,1.46052197388398,1.7144388960276,1.188141812658,1.89395459969246,1.96284730218483,1.01975791390043,1.60812326223036,1.8487053084414,53.2895616718054,1.95798826681356,1.34034329901465,1.18534220437768,1.9515428906081,1.52197362879383,1.22692896948519,1.24357871070671,1.70682688975093,1.37365340738262,1.38431983971238,1.4391592449691,1.24373317195276,1.47740826731427,1.32908512853509,1.86682054161412,1.53997384455985,1.26654022851332,1.05411652617814,1.02142534266292,1.74958349566422,1.21361917080992,1.77026009316103,1.85455196995966,1.67764094317222,1.34750122732832,1.79247226649545,1.30633696881418,1.79841096969247,1.39734391048427,1.11099118278874,1.08797264103218,1.35533217683217
1.96283628743274,1.22667072677364,1.7905703265176,1.15399706417415,1.90755508183853,1.00608537299842,1.19253291198636,1.2434736700931,1.48707282891826,1.44763382172567,1.21856787159041,1.40210052691498,1.08713560182933,1.43456506237135,1.41544824438889,1.85799761063326,1.66376872112219,1.59679703442231,1.54747909426106,1.95798826681356,53.7438411646261,1.31905506752387,1.92982757647048,1.09134239148877,1.11152733355366,1.236164544819,1.88975336118124,1.50887124403793,1.34715572760774,1.97772600221342,1.8642034208701,1.79849020941113,1.25104084762327,1.17107848737905,1.77179832000835,1.75128466251832,1.72153226506036,1.4519333203565,1.62518188479598,1.65630588245406,1.57122756520809,1.74281227949206,1.06848776669637,1.01960693859477,1.72726321533661,1.02064349549852,1.73452654096043,1.76583067735929,1.99422456742927,1.19902963805899,1.01801730972622,1.73806573158971
1.93654071536685,1.16381683441057,1.73797270736563,1.44093654185577,1.89862818266201,1.24492251139363,1.99726567836351,1.57030469066012,1.61874242388585,1.18637022990099,1.9347445824811,1.28652242724156,1.05888628869266,1.45325106496608,1.57127421189625,1.58973246886848,1.74090950085824,1.39908855939242,1.72335532667272,1.34034329901465,1.31905506752387,53.6200911051687,1.14422151127095,1.79447037530805,1.64073460066725,1.87874805223138,1.56030105220168,1.63495916809652,1.07777768982471,1.5783183619279,1.37302489922057,1.59586239587323,1.52616324812461,1.20243302229905,1.22547443454409,1.71017267867465,1.92159450702443,1.36395771771854,1.24133783683243,1.61848199303191,1.36664442083176,1.57099320440134,1.56641032666266,1.5404096117897,1.67244689151293,1.26562332234607,1.43570706734234,1.22583389898102,1.59001820329112,1.98731040534904,1.35044847165721,1.65722536326257
1.13757197751551,1.87623852997843,1.93470088016926,1.43070153586133,1.31250633500167,1.84640155678913,1.73563105414418,1.09526417269151,1.28984424345654,1.36928296059802,1.30917031146082,1.45144330777761,1.67702590333159,1.7622045179653,1.59552790066019,1.86409763892372,1.57403200239597,1.57827809060844,1.95234729859622,1.18534220437768,1.92982757647048,1.14422151127095,53.5435443048103,1.31142901084918,1.83066334846926,1.97925137215259,1.5372629098302,1.42068155176038,1.96656177750163,1.88771138148741,1.07790691455729,1.57396328708807,1.38238136394992,1.52960265312791,1.82209939780743,1.7557993986438,1.54159944296889,1.70519467615764,1.20699512269674,1.13191459473777,1.96131485419409,1.25405324308856,1.24839299463126,1.41986805406393,1.52658579802447,1.07504407319941,1.8000157609582,1.16307607021326,1.14303298813432,1.79864546041873,1.16621076323381,1.78201510793623
1.86409506800775,1.60992646851108,1.13344555820033,1.04282693380622,1.27267753671514,1.92049898203486,1.80505539467794,1.20154165532512,1.82070272640358,1.43230723796054,1.23612149676127,1.09905729121485,1.76916056115607,1.72076532091981,1.54109265168248,1.88607955578998,1.73694217192798,1.92431442296333,1.15759352834783,1.9515428906081,1.09134239148877,1.79447037530805,1.31142901084918,53.6442333346439,1.21949105906277,1.93802424657067,1.80730940485713,1.36252404766275,1.73666970652373,1.97352016855661,1.14453915513332,1.10035519213432,1.68327523660067,1.23798327345307,1.29470402621417,1.37228167633167,1.86869030160303,1.90973441252007,1.02784989356429,1.38710871030908,1.60267171291759,1.25738139788498,1.28790848296504,1.82521166644302,1.30901229954744,1.94450765426481,1.58935106247168,1.06583787736755,1.80810194779565,1.48540505370377,1.78397830938174,1.92574948488071
1.65193661239554,1.31941194195273,1.93838931105025,1.68041119057704,1.37415339396063,1.35268734598192,1.0825172136922,1.48219713823972,1.80185324829158,1.34471709623221,1.4414385093569,1.13291683054199,1.24976953642898,1.61595482733844,1.06524757624848,1.78038547038119,1.8729141414505,1.71252580206493,1.75300760509121,1.52197362879383,1.11152733355366,1.64073460066725,1.83066334846926,1.21949105906277,53.082604722624,1.91870881892681,1.06645077283795,1.8907066708853,1.40411387263057,1.85042908268535,1.81645615530035,1.0339659121977,1.7724158772139,1.38643897389362,1.88330901129325,1.63242691831311,1.76373119780968,1.09517615758589,1.22910766500472,1.11454358935102,1.45158245901185,1.92614360476199,1.14863121749304,1.04597203389088,1.91788357026776,1.55500052243238,1.50905190990728,1.81935794782795,1.98921972047036,1.35924049623275,1.32350403784006,1.68082031639331
1.20091596813915,1.62571501062518,1.01235252805629,1.3704601076294,1.41852646200849,1.16719583941959,1.46895465136923,1.47033292728957,1.67055682636358,1.96924125913961,1.47643252344636,1.48911208356224,1.04745635904719,1.71944369828303,1.77990206553596,1.05020507706804,1.74044523422627,1.1346895741926,1.96947715010935,1.22692896948519,1.236164544819,1.87874805223138,1.97925137215259,1.93802424657067,1.91870881892681,53.9947419692738,1.89564864891379,1.24467033438602,1.35398246504086,1.21915268628819,1.92549065077933,1.85132003009846,1.87201448058338,1.60692386217738,1.43126231778006,1.44358509333971,1.35480784687903,1.90191127634696,1.41926957826096,1.95312091380037,1.18901638928289,1.42891997584557,1.32384985746995,1.86256047704376,1.32187938425777,1.32700571945263,1.29983576168299,1.31001495025587,1.5592692469057,1.85165463613889,1.74973297526582,1.71767637818944
1.28156980279906,1.75484883820398,1.5304879497413,1.82126798751823,1.56688240522839,1.77902123275167,1.70385695095354,1.73615341714404,1.16463061476342,1.40541171580805,1.28643198324667,1.47002853335348,1.46282410084401,1.42396712183206,1.66863608205162,1.22600650565047,1.82410816746955,1.52784265881769,1.04752921641224,1.24357871070671,1.88975336118124,1.56030105220168,1.5372629098302,1.80730940485713,1.06645077283795,1.89564864891379,53.7044518765548,1.10269377338825,1.97170835545832,1.45418485135501,1.82037015204335,1.52381308354615,1.68960788552165,1.61433723131862,1.33136842554965,1.91977288849641,1.30395295904202,1.38359410240482,1.50392035604637,1.21272137351926,1.36131043003933,1.93938785416046,1.99350426904555,1.94595061985122,1.80611766958894,1.21787225651456,1.88539865607647,1.57475876089873,1.86150982317585,1.77796760563644,1.53241624195707,1.93406736521705
1.66765979196302,1.36171749716705,1.01936755004309,1.47888027945481,1.99513861955848,1.74710745818313,1.77956341615858,1.18726863161999,1.60621237736485,1.56790155897285,1.8635204172989,1.49493211530844,1.55955026743913,1.47944349398811,1.45704047542859,1.57209853156102,1.60166348964053,1.48423909045953,1.56420861536833,1.70682688975093,1.50887124403793,1.63495916809652,1.42068155176038,1.36252404766275,1.8907066708853,1.24467033438602,1.10269377338825,53.6647727771964,1.65379919607835,1.45312267423287,1.59884014241343,1.64818560921037,1.80575687429204,1.9273444334638,1.18599654882494,1.27844479273932,1.96030060106902,1.82650126229343,1.72284106711058,1.44744161956359,1.28737612733961,1.69105042456233,1.62419052357981,1.36258822323875,1.99062820802938,1.72071231609244,1.74175327864557,1.67380009343559,1.32115446465144,1.33363970757166,1.71828240888113,1.86098446690523
1.41410634685965,1.27632705833592,1.43248136547975,1.10632544248659,1.29154438911543,1.8257396802426,1.82962939926872,1.50265184813303,1.71681093131975,1.02545959689909,1.83220386217917,1.14606296976379,1.55316970523129,1.61689971276415,1.60372790582652,1.65324968223146,1.13330795156458,1.6229729110482,1.41888592132315,1.37365340738262,1.34715572760774,1.07777768982471,1.96656177750163,1.73666970652373,1.40411387263057,1.35398246504086,1.97170835545832,1.65379919607835,53.6243868864255,1.46156511244437,1.84803470263632,1.54341729103747,1.17028045569094,1.05496684045296,1.26571065013563,1.75482738984508,1.18260541101108,1.65277678643017,1.99317351961191,1.76336665580206,1.63868306467248,1.8797052585891,1.14988477441943,1.55193377591294,1.95223354592558,1.81484768624178,1.42548508822242,1.85126309555548,1.20265166424338,1.74647801962983,1.03766877205934,1.28150606727298
1.00346342846912,1.257337708146,1.66645115225876,1.2497441760496,1.6069638983379,1.76424928697024,1.50321367220171,1.78459505540533,1.37223453697387,1.27731096245223,1.45854716117426,1.51234657248126,1.61700961441594,1.8416078187719,1.98432132507876,1.45988805566909,1.87412146426464,1.15112880903814,1.545588166707,1.38431983971238,1.97772600221342,1.5783183619279,1.88771138148741,1.97352016855661,1.85042908268535,1.21915268628819,1.45418485135501,1.45312267423287,1.46156511244437,53.1949885297543,1.64247128257643,1.01794288680793,1.7816512024876,1.99345996044272,1.37550013250462,1.65906105360904,1.08773134187224,1.72010761346673,1.16085779069031,1.64356783574613,1.91274979706516,1.20607181927472,1.36968478531096,1.16035882018523,1.51699649752909,1.85062912425521,1.5905732552477,1.48069796221363,1.32474698234571,1.78415434564657,1.08308249063933,1.6785700990253
1.84435642130876,1.36685933934844,1.32701651674091,1.06791969438452,1.77012090886483,1.04908265175721,1.48269499162338,1.08487303745228,1.65404517653121,1.27815885016609,1.73323614603525,1.0755152716653,1.27143152536425,1.43006776246711,1.28339843604872,1.7792598375954,1.18841044799816,1.91972109997632,1.97220666053342,1.4391592449691,1.8642034208701,1.37302489922057,1.07790691455729,1.14453915513332,1.81645615530035,1.92549065077933,1.82037015204335,1.59884014241343,1.84803470263632,1.64247128257643,53.2377603860748,1.83249266065308,1.4627546605015,1.22238714723959,1.11842642078103,1.27995884897185,1.36433366609939,1.76532539621244,1.4234444496331,1.70126871471352,1.05469565375461,1.58487293710228,1.81985496581525,1.3375258717395,1.12180155661041,1.59750227052602,1.70808743159663,1.37883778958527,1.5360073659271,1.72221682673423,1.5486238196253,1.68058428060291
1.98303419164523,1.86347982187917,1.01642703731378,1.58016348517507,1.60549885854381,1.38291170326197,1.43522665856184,1.53223644640866,1.33336972693604,1.70042035901007,1.37434543081296,1.73775843891211,1.34540547772562,1.57324201593792,1.88080481108316,1.82756849929111,1.11590313823703,1.85216574876204,1.26738325192937,1.24373317195276,1.79849020941113,1.59586239587323,1.57396328708807,1.10035519213432,1.0339659121977,1.85132003009846,1.52381308354615,1.64818560921037,1.54341729103747,1.01794288680793,1.83249266065308,53.1491604923034,1.3888456623018,1.40152108687978,1.48963480418997,1.18833243669399,1.88595015364045,1.38929940266036,1.69269166174004,1.59573308499331,1.5267243876712,1.02954354650785,1.76827067684767,1.88653651945597,1.48482185252235,1.22076711767389,1.61068231734013,1.70542555428363,1.09670800766754,1.03609682947215,1.98072491026517,1.55752183522914
1.24642269883604,1.89739855560353,1.67865288428899,1.61292124475023,1.07774692684307,1.06198367572482,1.14897194977336,1.56866774687947,1.67510263234149,1.43905445255295,1.99994529969988,1.86383492260419,1.22263843529981,1.93627441904334,1.06221108513987,1.28929750588224,1.78823239998344,1.34844696165456,1.62192520761021,1.47740826731427,1.25104084762327,1.52616324812461,1.38238136394992,1.68327523660067,1.7724158772139,1.87201448058338,1.68960788552165,1.80575687429204,1.17028045569094,1.7816512024876,1.4627546605015,1.3888456623018,53.6756031446511,1.22888974436973,1.45123139603586,1.59006594009235,1.33048013659682,1.95414856632899,1.54765822065419,1.94214752127516,1.51642913022844,1.65441099351943,1.94266056825531,1.48023078100767,1.25079857010897,1.13150605099811,1.32998258496168,1.23648554982454,1.01304319594663,1.77546747390901,1.74889691674565,1.92412388740299
1.77313620400295,1.23609624907193,1.24459195148414,1.79040466798023,1.58793013244305,1.62373538251209,1.10632554865737,1.78753283749685,1.90341963148835,1.80911886776291,1.03525911273214,1.89221992478344,1.08237007450423,1.14985259163652,1.83052171805432,1.52751379531227,1.66123696261143,1.09214528048977,1.30451912726486,1.32908512853509,1.17107848737905,1.20243302229905,1.52960265312791,1.23798327345307,1.38643897389362,1.60692386217738,1.61433723131862,1.9273444334638,1.05496684045296,1.99345996044272,1.22238714723959,1.40152108687978,1.22888974436973,53.8766064741074,1.45075407133007,1.51264668047086,1.29796100235449,1.40573048424243,1.71584871910319,1.80136853866343,1.44945942305469,1.24614409787866,1.9803792191578,1.72207810623668,1.22767087315566,1.74945583974452,1.32517692601549,1.16334621383033,1.06619068098543,1.87042326706947,1.61545068519909,1.03733651574577
1.87318199261705,1.10256919688665,1.9197846515662,1.99239083798248,1.59986451854923,1.31423711977631,1.39351126383688,1.64433825884216,1.43212566079205,1.17723436848132,1.26120409567896,1.77089241741732,1.27055808122761,1.77935385554068,1.77383654321257,1.06713489259925,1.878883794825,1.95427272746073,1.82840638460052,1.86682054161412,1.77179832000835,1.22547443454409,1.82209939780743,1.29470402621417,1.88330901129325,1.43126231778006,1.33136842554965,1.18599654882494,1.26571065013563,1.37550013250462,1.11842642078103,1.48963480418997,1.45123139603586,1.45075407133007,53.4345930192781,1.11920639971234,1.95306939955478,1.04479230988994,1.96709548354479,1.87810714630322,1.21157164369317,1.84199291553441,1.15831656714823,1.25495745113816,1.1676444188541,1.9511726684641,1.59630426093764,1.89902640641622,1.45987748841749,1.73901960893488,1.07986781656736,1.21472640671522
1.85785782004607,1.73837537120021,1.3165696269444,1.98845084197281,1.91899006390897,1.77824452695355,1.96192606769592,1.8216950901885,1.44830365453302,1.27135476855159,1.51058469643378,1.69175579617347,1.31737934021157,1.07839737789631,1.85954454394968,1.89860902163135,1.75254841277029,1.28621034803158,1.83295182224035,1.53997384455985,1.75128466251832,1.71017267867465,1.7557993986438,1.37228167633167,1.63242691831311,1.44358509333971,1.91977288849641,1.27844479273932,1.75482738984508,1.65906105360904,1.27995884897185,1.18833243669399,1.59006594009235,1.51264668047086,1.11920639971234,53.6820360681424,1.04046987324975,1.31767609031763,1.99143955250803,1.14489876671922,1.96715936342588,1.75769292086255,1.55843028685005,1.85200115984865,1.9585393089608,1.09116820622756,1.6899123558262,1.20417800648332,1.59100160961552,1.40593069810696,1.66138834816468,1.93282792807223
1.26874411211756,1.38690296159447,1.91701622443135,1.04337759038591,1.22700734307384,1.7652705180297,1.5089773389087,1.1940495880293,1.88894750312387,1.50470950012315,1.74269379570274,1.99535656114824,1.36333715699768,1.33246152164995,1.80161212096066,1.94440383461509,1.36006998287517,1.08867762893842,1.16467425327966,1.26654022851332,1.72153226506036,1.92159450702443,1.54159944296889,1.86869030160303,1.76373119780968,1.35480784687903,1.30395295904202,1.96030060106902,1.18260541101108,1.08773134187224,1.36433366609939,1.88595015364045,1.33048013659682,1.29796100235449,1.95306939955478,1.04046987324975,53.2405185365307,1.29327282556019,1.85069145860648,1.57967930453815,1.184542548463,1.48981715435619,1.38999236486386,1.77316994256022,1.77321327094604,1.88234149379765,1.40226720944153,1.37428547738785,1.36613017477381,1.17626324304206,1.94251704725554,1.60761177661252
1.94286781453661,1.00931836385714,1.18485976205434,1.42398574083298,1.07311045707814,1.24070115584913,1.09890332682938,1.53600348696858,1.71815022673372,1.26026075578307,1.71596431951782,1.66754681229011,1.69064280003805,1.54501596258255,1.14631176886443,1.76374176133598,1.21396298250834,1.65804319533428,1.8736686077312,1.05411652617814,1.4519333203565,1.36395771771854,1.70519467615764,1.90973441252007,1.09517615758589,1.90191127634696,1.38359410240482,1.82650126229343,1.65277678643017,1.72010761346673,1.76532539621244,1.38929940266036,1.95414856632899,1.40573048424243,1.04479230988994,1.31767609031763,1.29327282556019,53.9047962571051,1.09287356263626,1.64718382602892,1.79910054653841,1.87818559719165,1.36374609980907,1.08312756432366,1.56561220603325,1.20147997383097,1.60767311910525,1.54631164043504,1.88990530692502,1.71189797795932,1.71155362329984,1.06814779297828
1.62201097590011,1.99345853319087,1.23081342793573,1.79646180467515,1.8665586429958,1.78604976729772,1.60061986492976,1.90435183276625,1.72415652485758,1.82046601586997,1.04668369053243,1.35188053145627,1.55818321488713,1.77369004244622,1.27377771505796,1.11164844274132,1.37011410778859,1.35728168643884,1.66695134791869,1.02142534266292,1.62518188479598,1.24133783683243,1.20699512269674,1.02784989356429,1.22910766500472,1.41926957826096,1.50392035604637,1.72284106711058,1.99317351961191,1.16085779069031,1.4234444496331,1.69269166174004,1.54765822065419,1.71584871910319,1.96709548354479,1.99143955250803,1.85069145860648,1.09287356263626,53.2912479621783,1.35237619297224,1.38754590665342,1.82446696368254,1.59698731666291,1.2211427405575,1.31560199489612,1.94550135868858,1.42450453267642,1.71153328368046,1.38688896335051,1.27505015082427,1.90656511853755,1.70646216473843
1.54949128513666,1.54117310305181,1.84677820552456,1.96280166598167,1.11582872975423,1.51376955141955,1.6758784156646,1.10378001122911,1.65907042969906,1.57253466992291,1.72743944065992,1.55704035822164,1.1566508119724,1.13208006561365,1.6143103426389,1.34561519853101,1.51879105834234,1.95933144165172,1.1759581883326,1.74958349566422,1.65630588245406,1.61848199303191,1.13191459473777,1.38710871030908,1.11454358935102,1.95312091380037,1.21272137351926,1.44744161956359,1.76336665580206,1.64356783574613,1.70126871471352,1.59573308499331,1.94214752127516,1.80136853866343,1.87810714630322,1.14489876671922,1.57967930453815,1.64718382602892,1.35237619297224,53.4860202942444,1.06863994014852,1.1879900475908,1.44523180343454,1.04668363139345,1.04664289394703,1.18810421423433,1.76350044913753,1.6171781684352,1.22222458721242,1.83269345985385,1.57525934911112,1.08081192387306
1.68475365111826,1.76042395260205,1.81679421235658,1.18259716042438,1.61427609092289,1.93728610078678,1.85337804251042,1.91036370671837,1.08904782919635,1.99733232008169,1.4488833930571,1.29743735319815,1.18624279004812,1.58210959452303,1.94885475744906,1.74374706612143,1.32830200825273,1.55022411167166,1.83865192990687,1.21361917080992,1.57122756520809,1.36664442083176,1.96131485419409,1.60267171291759,1.45158245901185,1.18901638928289,1.36131043003933,1.28737612733961,1.63868306467248,1.91274979706516,1.05469565375461,1.5267243876712,1.51642913022844,1.44945942305469,1.21157164369317,1.96715936342588,1.184542548463,1.79910054653841,1.38754590665342,1.06863994014852,53.6066012180441,1.05531654230101,1.0918177273552,1.71744053611413,1.93366137795786,1.04941086659646,1.14810485865367,1.29603080372141,1.72286082465335,1.06478947543762,1.7270401705648,1.58430082983538
1.34610909053409,1.2315758863611,1.00853705034057,1.62089980422561,1.39429070679205,1.39935386572003,1.62222536542556,1.42223523297451,1.53224584112514,1.70294699012439,1.28320304317549,1.38635069755202,1.53674552800914,1.8143881842561,1.26125290256983,1.2054926754001,1.81524830209801,1.54425616308314,1.35311662235908,1.77026009316103,1.74281227949206,1.57099320440134,1.25405324308856,1.25738139788498,1.92614360476199,1.42891997584557,1.93938785416046,1.69105042456233,1.8797052585891,1.20607181927472,1.58487293710228,1.02954354650785,1.65441099351943,1.24614409787866,1.84199291553441,1.75769292086255,1.48981715435619,1.87818559719165,1.82446696368254,1.1879900475908,1.05531654230101,53.9116864655687,1.19041632776634,1.56978912165844,1.68757684467713,1.37680063833334,1.52865868971155,1.25590950821336,1.01339068869752,1.66932213197896,1.43084338979369,1.70529728182838
1.82133964580546,1.94186594381084,1.67393874175564,1.56087862540077,1.61757136165051,1.34001551165246,1.90476316814533,1.1624823842023,1.99786110315372,1.31546247113285,1.15123953770438,1.11866945452926,1.8137993895513,1.15433704487716,1.36328298289482,1.8090376475868,1.96680964015741,1.61821765341713,1.5356890850401,1.85455196995966,1.06848776669637,1.56641032666266,1.24839299463126,1.28790848296504,1.14863121749304,1.32384985746995,1.99350426904555,1.62419052357981,1.14988477441943,1.36968478531096,1.81985496581525,1.76827067684767,1.94266056825531,1.9803792191578,1.15831656714823,1.55843028685005,1.38999236486386,1.36374609980907,1.59698731666291,1.44523180343454,1.0918177273552,1.19041632776634,53.7000812202227,1.30517438301126,1.82536513769318,1.75385503273171,1.26319590456001,1.59267972390758,1.6267410957379,1.43846485504809,1.21969613443115,1.41131362431278
1.13731771853628,1.28466574441859,1.68482491126509,1.18580053149993,1.94584639181655,1.22180117723616,1.23158813930656,1.39104947512553,1.24747826962149,1.63782351447168,1.99092133435929,1.962587007304,1.57406270484164,1.70157330143339,1.90125033720455,1.55427408849554,1.97015482884373,1.10364199015481,1.89578053303798,1.67764094317222,1.01960693859477,1.5404096117897,1.41986805406393,1.82521166644302,1.04597203389088,1.86256047704376,1.94595061985122,1.36258822323875,1.55193377591294,1.16035882018523,1.3375258717395,1.88653651945597,1.48023078100767,1.72207810623668,1.25495745113816,1.85200115984865,1.77316994256022,1.08312756432366,1.2211427405575,1.04668363139345,1.71744053611413,1.56978912165844,1.30517438301126,53.4081413570829,1.6087974447798,1.65414059937659,1.00837020343559,1.59115752232781,1.06728498594243,1.55420518645747,1.01975267660793,1.79615285238072
1.38325574173744,1.34287523168273,1.88882987009773,1.36512245534226,1.91441360857078,1.61252248269158,1.95806798569768,1.33362989748531,1.98467341670053,1.01755362517087,1.69695676476553,1.68202495932673,1.28620025854846,1.12564440729359,1.02808194515672,1.07317345080579,1.32751738854103,1.61011443455243,1.9935546242602,1.34750122732832,1.72726321533661,1.67244689151293,1.52658579802447,1.30901229954744,1.91788357026776,1.32187938425777,1.80611766958894,1.99062820802938,1.95223354592558,1.51699649752909,1.12180155661041,1.48482185252235,1.25079857010897,1.22767087315566,1.1676444188541,1.9585393089608,1.77321327094604,1.56561220603325,1.31560199489612,1.04664289394703,1.93366137795786,1.68757684467713,1.82536513769318,1.6087974447798,53.8759423102606,1.22562755980791,1.91807685602367,1.17638630474749,1.25955060602145,1.13964253111726,1.32924597539438,1.58864420819499
