53.0996619891839,1.91451390688983,1.7880553630125,1.50848325086221,1.38712144381698,1.7874994295591,1.60999408485833,1.75657820317735,1.92608895009667,1.00480053900033,1.21019157777084,1.40179513273844,1.60389150381269,1.39965590853228,1.3499110445147,1.66402171117441,1.30588454208611,1.44727671027522,1.98225617547625,1.79797109486441,1.66770126515427,1.4212267722102,1.28657424789228,1.77770889726361,1.74179720680313,1.15939789272817,1.96548443891363,1.17670561614293,1.12148284591803,1.70961023434513,1.33460622901777,1.22114483510197,1.62412414123496,1.12266159203027,1.72962808596419,1.01124558458628,1.91016102158938,1.33962217035686,1.76782378822929,1.83624997122039,1.34442270935719,1.97801536600013,1.23804510349317,1.94831421316988,1.37767127406675,1.58795614800786,1.61233592387863,1.68355581615286,1.03523285781743,1.59459209935488,1.48152691101726,1.70293412297169
1.91451390688983,53.7681011589095,1.48064301976964,1.75761607836821,1.92749905163771,1.44612745821761,1.93432169451114,1.04898189709009,1.15573769256274,1.26892792352891,1.27012673219206,1.7798618337977,1.39158951555918,1.99975481815625,1.79110741838399,1.3017505366829,1.33937698804744,1.55893120614762,1.13800050743762,1.68379969740463,1.53694657168209,1.37604561093079,1.63211391010886,1.9146178462145,1.96400175893866,1.24444983352183,1.5981736619017,1.99923461722174,1.83904193287671,1.0797005724533,1.70216873972778,1.85486080444179,1.84780173136285,1.18281175949742,1.61247688234433,1.7753007825349,1.62893921771503,1.54679857638981,1.82428267962499,1.78467691027777,1.81572649991872,1.09440941135139,1.56453874360981,1.20731601501224,1.09416422904197,1.3556461619938,1.50906655169514,1.43354121708942,1.91457736814142,1.64706705913277,1.11734091402839,1.45152393982351
1.7880553630125,1.48064301976964,53.3661417855723,1.98711442900222,1.99390465812474,1.96431544747405,1.9863490457583,1.83294659053578,1.04401601992735,1.68851778502041,1.68780739451191,1.89181775129019,1.87132954451783,1.30028427639058,1.66711853382509,1.50026876223286,1.84708285324605,1.49140121298442,1.28494567204497,1.66280935269911,1.58581062480147,1.84948441612045,1.87012536817702,1.67997485384344,1.20513057764858,1.3791919194065,1.11351607093286,1.11970794532434,1.02625897853927,1.23085698496125,1.57123188514785,1.04937164813717,1.98031180956415,1.9373736707202,1.03648607667372,1.97421646722323,1.90168911819425,1.02283512196636,1.80716305729335,1.94570513812159,1.71135290745243,1.49497045180526,1.83752288894612,1.5826824515046,1.79525472819584,1.50464142230555,1.0829512132718,1.64233758097623,1.99604263575563,1.36789688578243,1.30514693367535,1.58185326009144
1.50848325086221,1.75761607836821,1.98711442900222,53.4225118790858,1.5544642207932,1.37534418440207,1.54221982441015,1.58072319933247,1.60620116982898,1.113451709558,1.6300948479353,1.58651297892747,1.05082537981254,1.66658092460902,1.56072944568504,1.95251449800679,1.68941604704103,1.36789250251273,1.89821963566273,1.4007689540278,1.86286295431799,1.73574252460885,1.9834514055324,1.65811768251384,1.24038394644874,1.0664026188042,1.30045526302441,1.23642658173872,1.43429950458663,1.60560219669975,1.81827984183015,1.65168080602385,1.78087449808646,1.08010795529937,1.07419268464399,1.33533871887966,1.45545213970144,1.61641250905414,1.91606191821213,1.06165330906476,1.72986421861214,1.54615676568176,1.64816628799223,1.78068959889034,1.21273769029078,1.20889573321161,1.73320409643147,1.90215373733181,1.57678823619,1.6314237320942,1.30292269089395,1.43965119004233
1.38712144381698,1.92749905163771,1.99390465812474,1.5544642207932,53.3527767147649,1.39822413558058,1.84397678489051,1.78707621935153,1.00382633181467,1.662256626255,1.43875702490972,1.78470083036679,1.74236458155437,1.51294970955371,1.12003954878079,1.19781672125581,1.12936221860785,1.03610146652726,1.25947003032056,1.85922643721999,1.58225823267468,1.90763631877845,1.63991603564467,1.79499592296546,1.1165320515244,1.37312013207614,1.69714965983161,1.6933202877144,1.00454386370468,1.0000723502599,1.13297147775673,1.37171011994207,1.2864464462206,1.23074034984724,1.9792603226282,1.63922316145116,1.62896448542781,1.82323710705304,1.42629938033703,1.63279081770815,1.48549373330804,1.86505640571241,1.41749164760927,1.22785831439675,1.37800611480046,1.53753119639006,1.42567503565255,1.50736833340831,1.57363266291732,1.68514506643878,1.3665947706283,1.15589089512634
1.7874994295591,1.44612745821761,1.96431544747405,1.37534418440207,1.39822413558058,53.6480364774578,1.40263372399036,1.38417480158814,1.64810882771765,1.53560520174708,1.75588492153021,1.93455527440391,1.76634555159432,1.73514524415841,1.57377843538941,1.39531003702214,1.55838235074579,1.00007781526077,1.02810085426462,1.04387608358817,1.86513422097319,1.44559250187389,1.27173439845058,1.24314033577365,1.98312369826395,1.69740943410313,1.75050866918196,1.55675636071561,1.38255450007625,1.11710343934461,1.71264725630761,1.97533588482781,1.12361424561758,1.66353407393374,1.68464932110377,1.50324518350104,1.31157055139149,1.08728304462847,1.88741998555484,1.95967937910914,1.62288824637555,1.64330490661939,1.8942346530474,1.38923379750421,1.37845015031213,1.46801308797114,1.78454383452635,1.93683250152358,1.46809090369758,1.81264468879096,1.98070858511175,1.3332251242051
1.60999408485833,1.93432169451114,1.9863490457583,1.54221982441015,1.84397678489051,1.40263372399036,53.7981172491788,1.33240691727605,1.44397756850532,1.5107645050207,1.30774280210386,1.5675918141229,1.17429857848878,1.99239212320763,1.07083699762395,1.48586912988027,1.07967516737044,1.95825698317879,1.44554850898941,1.70256341374599,1.60156188933251,1.33978316157115,1.09179721078453,1.98001204011031,1.80779625000795,1.87634104577654,1.91684454116823,1.27588715323987,1.68898573410184,1.89755312581433,1.60911227744497,1.9472229247667,1.149996108911,1.18547773742372,1.18858381229853,1.0998485261108,1.51235186658444,1.98670106147728,1.43225544338685,1.95632943508976,1.49746556603232,1.73999824549071,1.52392124921266,1.67176414498676,1.73239036823269,1.59475824683661,1.15763327440137,1.81206553560312,1.55301522954973,1.60318178339078,1.51462894888345,1.15457711841659
1.75657820317735,1.04898189709009,1.83294659053578,1.58072319933247,1.78707621935153,1.38417480158814,1.33240691727605,53.1717529390807,1.9489868250438,1.63576062518906,1.11897586338174,1.09898293348913,1.82123836261278,1.30755967614593,1.19883145959993,1.33359022873155,1.29426073715755,1.63108690298679,1.28991966382131,1.79172630365553,1.3710851484775,1.81384091303397,1.46349044817662,1.10347551624452,1.40859915940491,1.62112372257799,1.91554105231331,1.96161438895465,1.22430550596877,1.43017000073109,1.11619150690557,1.1672704509307,1.03659616039907,1.25078066543247,1.91803164590058,1.5193633658436,1.30221436419627,1.94467999364467,1.69111630538996,1.25120118877441,1.58044061836807,1.8100921687717,1.35018412226354,1.40167898098085,1.11765184445197,1.54901558186347,1.7352692097124,1.41191258207518,1.18010248485026,1.02518887306805,1.20363888526505,1.55118763332776
1.92608895009667,1.15573769256274,1.04401601992735,1.60620116982898,1.00382633181467,1.64810882771765,1.44397756850532,1.9489868250438,53.000374202151,1.32543484090149,1.67982901245348,1.0369703625501,1.57621550633396,1.5978606578884,1.55633372885936,1.87842987053023,1.54254065106741,1.24745003378366,1.12963105930464,1.12298126943548,1.0575422020897,1.47981518156818,1.52466025041633,1.17519404700733,1.02883076343165,1.25992945966308,1.58710662908252,1.20893324828191,1.28511833319679,1.79074551434757,1.76012088160967,1.12414811883315,1.45787484732358,1.4147840307163,1.37177706434009,1.74612790287758,1.98498823260189,1.58102039787035,1.25868646440035,1.98536243475292,1.90645523877184,1.93851547685383,1.02233279683736,1.48267074464013,1.53637613474223,1.57866652569671,1.36110061517037,1.07891678534398,1.82611655948037,1.490731674475,1.20189805477946,1.88365876203573
1.00480053900033,1.26892792352891,1.68851778502041,1.113451709558,1.662256626255,1.53560520174708,1.5107645050207,1.63576062518906,1.32543484090149,53.9684317489008,1.39575421688881,1.8945797988654,1.38321577961706,1.76753128122889,1.64070770127732,1.3682040117533,1.34855167909924,1.89939416567767,1.35356644604055,1.25500691740541,1.83790964253149,1.37589924287791,1.73767766251121,1.37428577680806,1.95456576904029,1.09877827721591,1.45320256215204,1.780682328055,1.58950995169092,1.65510061739716,1.66434108962507,1.56005680726844,1.38165892212729,1.72319389820248,1.55943442674327,1.36814668698616,1.36915333539674,1.76774529403436,1.63975278504181,1.80585828693856,1.73617704293513,1.03550700193062,1.7004380853383,1.11939282208653,1.80303828315951,1.34114578661562,1.48759683383982,1.15158996179308,1.24053995182763,1.84116327988038,1.40659687966416,1.07844959389346
1.21019157777084,1.27012673219206,1.68780739451191,1.6300948479353,1.43875702490972,1.75588492153021,1.30774280210386,1.11897586338174,1.67982901245348,1.39575421688881,53.3926195774193,1.94269747237801,1.33984560674981,1.95205400416258,1.31084415936416,1.70899894214654,1.71979929819694,1.95059694440598,1.51485722908511,1.4559763406664,1.98610394633659,1.21529531395775,1.57536916275293,1.7891422294961,1.55644110057337,1.06296599612709,1.94073219128918,1.79698105286666,1.90412927600747,1.34732907048768,1.87543064676012,1.12119179783444,1.49160361219738,1.32816601746165,1.29282008916737,1.73465643112299,1.2341039503152,1.24513070808962,1.56721920127385,1.79514250056592,1.86178241663695,1.95983877915882,1.73783997247826,1.2016280229211,1.91189278285573,1.04868413137676,1.9106269655333,1.63169208058701,1.9992810762484,1.42548419415275,1.08766842078775,1.98538502211933
1.40179513273844,1.7798618337977,1.89181775129019,1.58651297892747,1.78470083036679,1.93455527440391,1.5675918141229,1.09898293348913,1.0369703625501,1.8945797988654,1.94269747237801,53.554192125124,1.19779832484098,1.04414474221139,1.28884855578134,1.43190227515618,1.28927545030102,1.85606775752086,1.22704477525644,1.15105786647231,1.81590653621401,1.96488474820037,1.35268588985907,1.72779931860408,1.01356887911147,1.26331285492671,1.35949139919108,1.01284995489421,1.68879704907946,1.44715981997883,1.9982349774792,1.3295765567243,1.11019740351951,1.77276222816331,1.52679716540817,1.83620098318728,1.48802167013661,1.52099882649304,1.46633383839686,1.55061018306325,1.39063113433804,1.21765849144089,1.1048023077216,1.58842945917902,1.26180323365228,1.39365086350294,1.0203317343352,1.5510786839533,1.24971862055814,1.24737650959165,1.70213655042562,1.06562515630649
1.60389150381269,1.39158951555918,1.87132954451783,1.05082537981254,1.74236458155437,1.76634555159432,1.17429857848878,1.82123836261278,1.57621550633396,1.38321577961706,1.33984560674981,1.19779832484098,53.0096772969745,1.86330606595767,1.54647408078726,1.49769896711116,1.38430489245071,1.01280791871846,1.04830914970874,1.77493602678875,1.23046641015935,1.15311145743034,1.36336548550211,1.49226964381163,1.54676232139895,1.38369721983732,1.04334832729928,1.79648094195709,1.63107372989462,1.74548487772489,1.86210609872924,1.84333498722098,1.80030731800958,1.6555305736398,1.0691651236588,1.11844261228966,1.80844644774145,1.30784521592215,1.12537495611486,1.40852214135626,1.54476028473338,1.46188385666436,1.11879523895625,1.55443758170793,1.32518992215637,1.66526931974351,1.05213654881908,1.70949481460708,1.67807723846197,1.10044569852783,1.48443084093017,1.90854364862132
1.39965590853228,1.99975481815625,1.30028427639058,1.66658092460902,1.51294970955371,1.73514524415841,1.99239212320763,1.30755967614593,1.5978606578884,1.76753128122889,1.95205400416258,1.04414474221139,1.86330606595767,53.775067387044,1.10839642682504,1.92288353849337,1.08291260250048,1.2337713829399,1.33140567984963,1.62767288769953,1.69565523960425,1.45020091880588,1.18211046894179,1.02084516129496,1.11547023808373,1.23424701776088,1.7303399763677,1.7935474765457,1.33469271675436,1.21477081683221,1.70209112470136,1.5882498731782,1.06256714326449,1.10290441620299,1.38856935053532,1.29406068999975,1.54706603546956,1.98536976984952,1.15662796569831,1.73671253199536,1.4442762874273,1.86253022908351,1.72666634653074,1.55871337817922,1.6375976161275,1.83506277335578,1.48159691667259,1.72051021862799,1.06883415583001,1.81300259652222,1.34818310586185,1.76448939543426
1.3499110445147,1.79110741838399,1.66711853382509,1.56072944568504,1.12003954878079,1.57377843538941,1.07083699762395,1.19883145959993,1.55633372885936,1.64070770127732,1.31084415936416,1.28884855578134,1.54647408078726,1.10839642682504,53.0870731827277,1.52428280493444,1.06142230241626,1.24370114889168,1.26099533646414,1.50569858984356,1.10623137750953,1.98766168299488,1.06441196755712,1.74382899363704,1.822724455885,1.5460088842297,1.46433921226502,1.89155861171501,1.35901148028626,1.81252231812688,1.65604800668361,1.62221499514869,1.34281589293052,1.44138256341283,1.00088874762919,1.10735648596071,1.95705709604409,1.17310997665539,1.20658979527959,1.68750244550756,1.04742232991728,1.89407297824233,1.48051493870118,1.02463909938216,1.97012551080907,1.56758812142889,1.5489219043166,1.03154781275967,1.81128927032058,1.8099172412464,1.53724640260322,1.91752064829577
1.66402171117441,1.3017505366829,1.50026876223286,1.95251449800679,1.19781672125581,1.39531003702214,1.48586912988027,1.33359022873155,1.87842987053023,1.3682040117533,1.70899894214654,1.43190227515618,1.49769896711116,1.92288353849337,1.52428280493444,53.5663496565848,1.30289245457523,1.59497334602986,1.2538521020924,1.35031478495817,1.48904632380653,1.73436704079358,1.37495388434034,1.45917183414994,1.30195516175682,1.9238757891226,1.49071964737527,1.11324443207739,1.73379302990334,1.02796604951283,1.0307650799075,1.5313719532133,1.62962442013883,1.69211472137464,1.15167533240825,1.77729167499453,1.8178035751068,1.66353732378387,1.28397040967083,1.75601474650019,1.83144732137744,1.41286413949582,1.03704181035843,1.44073988191818,1.54264661741566,1.4254253611087,1.00708953803735,1.84553907245656,1.0203987066729,1.26094164012975,1.19585385694907,1.50944503047943
1.30588454208611,1.33937698804744,1.84708285324605,1.68941604704103,1.12936221860785,1.55838235074579,1.07967516737044,1.29426073715755,1.54254065106741,1.34855167909924,1.71979929819694,1.28927545030102,1.38430489245071,1.08291260250048,1.06142230241626,1.30289245457523,53.5750611687894,1.17818906539035,1.70720639671535,1.4065084897012,1.59105320535184,1.74424820753944,1.84724837161938,1.13369982230184,1.16967356818247,1.8543379101224,1.97923889475839,1.19007227485537,1.11527954978649,1.1750927512418,1.69951730533481,1.11058823070982,1.74590049299686,1.66813416949852,1.40785207338997,1.24058402247754,1.12747068103751,1.81836034814751,1.46906058232722,1.61477324255499,1.25963370234688,1.22890909492453,1.73170022374564,1.3930217779209,1.14043293993009,1.62591887993082,1.34421342860172,1.71549410918518,1.80410794532118,1.05141982485141,1.12200259842072,1.39516115020735
1.44727671027522,1.55893120614762,1.49140121298442,1.36789250251273,1.03610146652726,1.00007781526077,1.95825698317879,1.63108690298679,1.24745003378366,1.89939416567767,1.95059694440598,1.85606775752086,1.01280791871846,1.2337713829399,1.24370114889168,1.59497334602986,1.17818906539035,53.1387377158453,1.26530927292319,1.53530278361184,1.36764681076987,1.99700949666882,1.9283245619984,1.50807975116562,1.62292837613399,1.27253799013446,1.22357385988514,1.42703632145516,1.32395781498587,1.34557645830585,1.82219747166252,1.11962584737671,1.31482742834595,1.35105844417171,1.08496744748436,1.13841630804279,1.85915831190495,1.24038132291305,1.07728473799177,1.54235093041433,1.09531250274522,1.12674139818491,1.97144404192057,1.61837785254157,1.58405013223367,1.64112117543869,1.26891388290977,1.85971921349863,1.77985889174969,1.53422315583295,1.39502199711046,1.1475057020539
1.98225617547625,1.13800050743762,1.28494567204497,1.89821963566273,1.25947003032056,1.02810085426462,1.44554850898941,1.28991966382131,1.12963105930464,1.35356644604055,1.51485722908511,1.22704477525644,1.04830914970874,1.33140567984963,1.26099533646414,1.2538521020924,1.70720639671535,1.26530927292319,53.1559625068474,1.46012948428287,1.88200564444158,1.12740654830234,1.07850733682444,1.4660557762096,1.76852772420669,1.34742121973421,1.32577498970822,1.54838661549072,1.88164437603282,1.72079698681868,1.69589231754462,1.41287702806894,1.04414354499622,1.35147777076414,1.56703805623904,1.64002809377388,1.23063708340313,1.1482354058643,1.55987045707175,1.45537285481364,1.55163022715209,1.59933866821199,1.99493605503577,1.30608349214591,1.72377432683659,1.67291556283502,1.91969506951035,1.08859130790857,1.42817980862604,1.07565757589212,1.54872079219144,1.31018545260196
1.79797109486441,1.68379969740463,1.66280935269911,1.4007689540278,1.85922643721999,1.04387608358817,1.70256341374599,1.79172630365553,1.12298126943548,1.25500691740541,1.4559763406664,1.15105786647231,1.77493602678875,1.62767288769953,1.50569858984356,1.35031478495817,1.4065084897012,1.53530278361184,1.46012948428287,53.5360744411759,1.66619396846099,1.24829454452186,1.84215793378752,1.38996829483191,1.92121010735687,1.7618530028322,1.47855960274048,1.34938991551725,1.83751057872433,1.02728039493192,1.65957536858487,1.0405747029188,1.6545085239478,1.43581659739642,1.01216655131996,1.62915787269788,1.5378328159162,1.53214501521184,1.48545159701512,1.360646020789,1.74801579664835,1.75462234940129,1.22760277065803,1.31536434791766,1.59083115802651,1.73458761430093,1.11334998305577,1.57527537205037,1.80144291454993,1.36670847347319,1.11134981322631,1.46763688301092
1.66770126515427,1.53694657168209,1.58581062480147,1.86286295431799,1.58225823267468,1.86513422097319,1.60156188933251,1.3710851484775,1.0575422020897,1.83790964253149,1.98610394633659,1.81590653621401,1.23046641015935,1.69565523960425,1.10623137750953,1.48904632380653,1.59105320535184,1.36764681076987,1.88200564444158,1.66619396846099,53.8871855185773,1.10707661281669,1.20113774165564,1.47801667613816,1.84166422711763,1.31448772517708,1.05329204772287,1.64310714166756,1.68119619865026,1.16464186094917,1.11074402421282,1.29619921617964,1.11814960749734,1.96834920205565,1.83241234153156,1.8335103568777,1.30451398217329,1.71801538240072,1.38638168451673,1.66795915768852,1.26319379092343,1.97982771554022,1.68591285715155,1.24418879730822,1.58544029741801,1.33302442884679,1.76301661914355,1.72319789497331,1.46558759755715,1.64249046176788,1.60897128871129,1.35277311566881
1.4212267722102,1.37604561093079,1.84948441612045,1.73574252460885,1.90763631877845,1.44559250187389,1.33978316157115,1.81384091303397,1.47981518156818,1.37589924287791,1.21529531395775,1.96488474820037,1.15311145743034,1.45020091880588,1.98766168299488,1.73436704079358,1.74424820753944,1.99700949666882,1.12740654830234,1.24829454452186,1.10707661281669,53.9718176657203,1.15980248160651,1.95203336232902,1.3048420941014,1.92281910121572,1.67523125683667,1.77042969212422,1.56530956251794,1.28420254554795,1.12320280732736,1.31487663663685,1.09431157591488,1.95399259959999,1.90610793833905,1.21890833145888,1.83807443912983,1.14044638077749,1.02470128518748,1.88679813960884,1.48552884789441,1.12669345509573,1.05367144758518,1.79896051706698,1.06109796653553,1.05405511290489,1.41690616794718,1.71351786037605,1.44082046227568,1.7028109765159,1.62913154514,1.80741352718669
1.28657424789228,1.63211391010886,1.87012536817702,1.9834514055324,1.63991603564467,1.27173439845058,1.09179721078453,1.46349044817662,1.52466025041633,1.73767766251121,1.57536916275293,1.35268588985907,1.36336548550211,1.18211046894179,1.06441196755712,1.37495388434034,1.84724837161938,1.9283245619984,1.07850733682444,1.84215793378752,1.20113774165564,1.15980248160651,53.9229830102636,1.2445933051615,1.65969497368657,1.33988917774516,1.95811116600321,1.10051543549659,1.04270015426106,1.58724271067755,1.90792896268327,1.71732879649723,1.37617673695841,1.66737585126766,1.69679953236915,1.08792986445498,1.10205399668871,1.44669996036529,1.36499255400384,1.82093468765772,1.31980319568878,1.9569318806552,1.6341269545416,1.14689903014661,1.45497914517996,1.6662275524187,1.81206930373426,1.09347279048221,1.72302943594895,1.36403771599943,1.21749528367887,1.90652477457492
1.77770889726361,1.9146178462145,1.67997485384344,1.65811768251384,1.79499592296546,1.24314033577365,1.98001204011031,1.10347551624452,1.17519404700733,1.37428577680806,1.7891422294961,1.72779931860408,1.49226964381163,1.02084516129496,1.74382899363704,1.45917183414994,1.13369982230184,1.50807975116562,1.4660557762096,1.38996829483191,1.47801667613816,1.95203336232902,1.2445933051615,53.9374821367382,1.52853599029059,1.66266744381872,1.03095492675479,1.25156542577388,1.02670515935249,1.24845021043366,1.15809019988314,1.99638273659925,1.38892850437617,1.30920827915389,1.6257552861356,1.8692959765295,1.41843752442786,1.35564327163419,1.39236360201257,1.11490947944806,1.99346022028171,1.63276002445852,1.18755817189233,1.29865301926558,1.56995597880797,1.34813672879158,1.70589981540381,1.95385189352271,1.87370784016033,1.9340812987341,1.65755100346056,1.35621083125296
1.74179720680313,1.96400175893866,1.20513057764858,1.24038394644874,1.1165320515244,1.98312369826395,1.80779625000795,1.40859915940491,1.02883076343165,1.95456576904029,1.55644110057337,1.01356887911147,1.54676232139895,1.11547023808373,1.822724455885,1.30195516175682,1.16967356818247,1.62292837613399,1.76852772420669,1.92121010735687,1.84166422711763,1.3048420941014,1.65969497368657,1.52853599029059,53.1128315358017,1.17331609417373,1.38025408302446,1.98653937596201,1.10739739290783,1.03780508601936,1.3427502067493,1.90378712951382,1.54595422956438,1.63644317427484,1.22871285547908,1.71677081646247,1.96109106855518,1.80520400768388,1.91429256317871,1.53418917280351,1.53978535930616,1.10819704509722,1.49621578189368,1.58357499008233,1.92785681408265,1.32753836704769,1.04580214528637,1.1031598542366,1.55122455467993,1.62293878040413,1.27192311420661,1.40767076583936
1.15939789272817,1.24444983352183,1.3791919194065,1.0664026188042,1.37312013207614,1.69740943410313,1.87634104577654,1.62112372257799,1.25992945966308,1.09877827721591,1.06296599612709,1.26331285492671,1.38369721983732,1.23424701776088,1.5460088842297,1.9238757891226,1.8543379101224,1.27253799013446,1.34742121973421,1.7618530028322,1.31448772517708,1.92281910121572,1.33988917774516,1.66266744381872,1.17331609417373,53.1269193669441,1.56836344747262,1.33645682331941,1.74985814734821,1.84028656167923,1.74412758915877,1.13749173383112,1.57962595512142,1.57820054496555,1.63795685704702,1.492281443203,1.79252758426244,1.12496135482796,1.51233432372675,1.04465970911303,1.95471606028952,1.43617433376432,1.84274606399366,1.42091393862894,1.58872719881531,1.35760323487111,1.84820288598919,1.54648407155018,1.78675296892726,1.8096810056873,1.0440263026599,1.32409974808064
1.96548443891363,1.5981736619017,1.11351607093286,1.30045526302441,1.69714965983161,1.75050866918196,1.91684454116823,1.91554105231331,1.58710662908252,1.45320256215204,1.94073219128918,1.35949139919108,1.04334832729928,1.7303399763677,1.46433921226502,1.49071964737527,1.97923889475839,1.22357385988514,1.32577498970822,1.47855960274048,1.05329204772287,1.67523125683667,1.95811116600321,1.03095492675479,1.38025408302446,1.56836344747262,53.3535806752525,1.53568169359848,1.93584487397962,1.39760697791241,1.85978144167912,1.20321978032739,1.52275050269568,1.64908478253013,1.25582695624597,1.77481339395736,1.00675157038809,1.64489095501829,1.77673443256725,1.20470491992529,1.77808254294939,1.91614720500826,1.98228422504956,1.48947467584604,1.69351683403063,1.25214497244551,1.99339439253947,1.59584781788096,1.03434004403387,1.54197381834591,1.4528948620208,1.25270944892089
1.17670561614293,1.99923461722174,1.11970794532434,1.23642658173872,1.6933202877144,1.55675636071561,1.27588715323987,1.96161438895465,1.20893324828191,1.780682328055,1.79698105286666,1.01284995489421,1.79648094195709,1.7935474765457,1.89155861171501,1.11324443207739,1.19007227485537,1.42703632145516,1.54838661549072,1.34938991551725,1.64310714166756,1.77042969212422,1.10051543549659,1.25156542577388,1.98653937596201,1.33645682331941,1.53568169359848,53.2070016810703,1.69972770693699,1.54369875255213,1.4597111299912,1.63302701461736,1.27455459687605,1.51951718308009,1.31525504650327,1.13157430949229,1.93290391095584,1.53316477245333,1.92443889608813,1.74389761674399,1.61085593915119,1.92052326254571,1.07764182476217,1.33763188837917,1.17243458524925,1.18619942720337,1.07115940752959,1.06923686297109,1.0714914612805,1.00939184707095,1.74412168364232,1.87293070083155
1.12148284591803,1.83904193287671,1.02625897853927,1.43429950458663,1.00454386370468,1.38255450007625,1.68898573410184,1.22430550596877,1.28511833319679,1.58950995169092,1.90412927600747,1.68879704907946,1.63107372989462,1.33469271675436,1.35901148028626,1.73379302990334,1.11527954978649,1.32395781498587,1.88164437603282,1.83751057872433,1.68119619865026,1.56530956251794,1.04270015426106,1.02670515935249,1.10739739290783,1.74985814734821,1.93584487397962,1.69972770693699,53.2764486904612,1.23927361156758,1.17386508368601,1.20635720212309,1.14775479126151,1.54175185716793,1.30892735082141,1.21398985954653,1.00044252024984,1.61849918059004,1.97995263476854,1.00283193634955,1.38778213988421,1.37894242367658,1.27977594885965,1.67658228272413,1.09318725955355,1.68829427132769,1.89828633605423,1.34059686741819,1.02125148848689,1.86388800566266,1.19886241443402,1.27473196865745
1.70961023434513,1.0797005724533,1.23085698496125,1.60560219669975,1.0000723502599,1.11710343934461,1.89755312581433,1.43017000073109,1.79074551434757,1.65510061739716,1.34732907048768,1.44715981997883,1.74548487772489,1.21477081683221,1.81252231812688,1.02796604951283,1.1750927512418,1.34557645830585,1.72079698681868,1.02728039493192,1.16464186094917,1.28420254554795,1.58724271067755,1.24845021043366,1.03780508601936,1.84028656167923,1.39760697791241,1.54369875255213,1.23927361156758,53.7883588251604,1.42045388064368,1.8057193801765,1.18311867452372,1.12110091472096,1.94229380271504,1.84493536774299,1.31689987672348,1.37980260810806,1.7832007509578,1.75197245075925,1.99117649765274,1.9278233362957,1.33479981605653,1.14430224389969,1.38137327198934,1.13161704090034,1.29787051086215,1.45342238827302,1.90838690051268,1.45427071417415,1.91325364490657,1.06409918333595
1.33460622901777,1.70216873972778,1.57123188514785,1.81827984183015,1.13297147775673,1.71264725630761,1.60911227744497,1.11619150690557,1.76012088160967,1.66434108962507,1.87543064676012,1.9982349774792,1.86210609872924,1.70209112470136,1.65604800668361,1.0307650799075,1.69951730533481,1.82219747166252,1.69589231754462,1.65957536858487,1.11074402421282,1.12320280732736,1.90792896268327,1.15809019988314,1.3427502067493,1.74412758915877,1.85978144167912,1.4597111299912,1.17386508368601,1.42045388064368,53.2099692645529,1.88883755956257,1.22764857822454,1.522967991197,1.90375484894205,1.31201563557238,1.4254631276361,1.06439404984209,1.2949705725978,1.1163170887699,1.64548713231715,1.08364488979971,1.99028972489307,1.34768112858184,1.81461300925101,1.70919772829357,1.36677500203567,1.92538373681036,1.21130648265188,1.13784132624876,1.02733096109113,1.64123857330589
1.22114483510197,1.85486080444179,1.04937164813717,1.65168080602385,1.37171011994207,1.97533588482781,1.9472229247667,1.1672704509307,1.12414811883315,1.56005680726844,1.12119179783444,1.3295765567243,1.84333498722098,1.5882498731782,1.62221499514869,1.5313719532133,1.11058823070982,1.11962584737671,1.41287702806894,1.0405747029188,1.29619921617964,1.31487663663685,1.71732879649723,1.99638273659925,1.90378712951382,1.13749173383112,1.20321978032739,1.63302701461736,1.20635720212309,1.8057193801765,1.88883755956257,53.4145696155795,1.85444089437576,1.9063546442922,1.89576026280213,1.67214130315564,1.62362633022649,1.52282099077609,1.48823240515228,1.51887941198371,1.35985098330297,1.19316106671149,1.64178107196548,1.71984896749251,1.80184457721275,1.07669836705397,1.50531007838683,1.47492213709043,1.80658623567158,1.4070882785167,1.79348682975093,1.62011899362324
1.62412414123496,1.84780173136285,1.98031180956415,1.78087449808646,1.2864464462206,1.12361424561758,1.149996108911,1.03659616039907,1.45787484732358,1.38165892212729,1.49160361219738,1.11019740351951,1.80030731800958,1.06256714326449,1.34281589293052,1.62962442013883,1.74590049299686,1.31482742834595,1.04414354499622,1.6545085239478,1.11814960749734,1.09431157591488,1.37617673695841,1.38892850437617,1.54595422956438,1.57962595512142,1.52275050269568,1.27455459687605,1.14775479126151,1.18311867452372,1.22764857822454,1.85444089437576,53.1206165915917,1.60911451401613,1.68844285685962,1.61337006493163,1.41090877838941,1.40143684782155,1.27698568733269,1.79356350740118,1.5682415475921,1.35517092531322,1.03065912985739,1.64140089072352,1.32911642563023,1.93989605640056,1.33818656408144,1.82588291672332,1.33736538763035,1.55385164942306,1.68250039111939,1.92799578557163
1.12266159203027,1.18281175949742,1.9373736707202,1.08010795529937,1.23074034984724,1.66353407393374,1.18547773742372,1.25078066543247,1.4147840307163,1.72319389820248,1.32816601746165,1.77276222816331,1.6555305736398,1.10290441620299,1.44138256341283,1.69211472137464,1.66813416949852,1.35105844417171,1.35147777076414,1.43581659739642,1.96834920205565,1.95399259959999,1.66737585126766,1.30920827915389,1.63644317427484,1.57820054496555,1.64908478253013,1.51951718308009,1.54175185716793,1.12110091472096,1.522967991197,1.9063546442922,1.60911451401613,53.8169967619781,1.56592964407333,1.65210499970806,1.00486463355127,1.6521027342659,1.4817131499209,1.8536164471198,1.09912557764869,1.09934230060286,1.82298485181433,1.15526293504763,1.4054143086101,1.4057233214405,1.62230907083597,1.11292316443889,1.26544747839935,1.88291871355982,1.38867356739411,1.48034256067143
1.72962808596419,1.61247688234433,1.03648607667372,1.07419268464399,1.9792603226282,1.68464932110377,1.18858381229853,1.91803164590058,1.37177706434009,1.55943442674327,1.29282008916737,1.52679716540817,1.0691651236588,1.38856935053532,1.00088874762919,1.15167533240825,1.40785207338997,1.08496744748436,1.56703805623904,1.01216655131996,1.83241234153156,1.90610793833905,1.69679953236915,1.6257552861356,1.22871285547908,1.63795685704702,1.25582695624597,1.31525504650327,1.30892735082141,1.94229380271504,1.90375484894205,1.89576026280213,1.68844285685962,1.56592964407333,53.1480280147623,1.7651640278125,1.53898714973544,1.12191054603174,1.13551625382878,1.98563045867981,1.59231907901928,1.72635579375846,1.74363541544584,1.87972437351929,1.88312497776147,1.15374537145428,1.17199430157058,1.69199689603038,1.04556847738361,1.31788067720732,1.59999439148232,1.03673388391581
1.01124558458628,1.7753007825349,1.97421646722323,1.33533871887966,1.63922316145116,1.50324518350104,1.0998485261108,1.5193633658436,1.74612790287758,1.36814668698616,1.73465643112299,1.83620098318728,1.11844261228966,1.29406068999975,1.10735648596071,1.77729167499453,1.24058402247754,1.13841630804279,1.64002809377388,1.62915787269788,1.8335103568777,1.21890833145888,1.08792986445498,1.8692959765295,1.71677081646247,1.492281443203,1.77481339395736,1.13157430949229,1.21398985954653,1.84493536774299,1.31201563557238,1.67214130315564,1.61337006493163,1.65210499970806,1.7651640278125,53.8592257205673,1.44694255685757,1.14133206482107,1.77653825831438,1.28793548340347,1.56310513129602,1.43652649616661,1.33292971846318,1.12961685291008,1.24454274878117,1.14308798086973,1.23511572472524,1.17446954789314,1.08876249710506,1.32624505475454,1.69671542555872,1.76079280756451
1.91016102158938,1.62893921771503,1.90168911819425,1.45545213970144,1.62896448542781,1.31157055139149,1.51235186658444,1.30221436419627,1.98498823260189,1.36915333539674,1.2341039503152,1.48802167013661,1.80844644774145,1.54706603546956,1.95705709604409,1.8178035751068,1.12747068103751,1.85915831190495,1.23063708340313,1.5378328159162,1.30451398217329,1.83807443912983,1.10205399668871,1.41843752442786,1.96109106855518,1.79252758426244,1.00675157038809,1.93290391095584,1.00044252024984,1.31689987672348,1.4254631276361,1.62362633022649,1.41090877838941,1.00486463355127,1.53898714973544,1.44694255685757,53.6980364828827,1.47257923310277,1.44449781041802,1.10828333492777,1.72699022140679,1.18759040310401,1.02893158422268,1.48552728653211,1.77062658209849,1.80880555408485,1.69100690898067,1.49499482591403,1.36521778133009,1.18442201483269,1.78246820102561,1.35815650474194
1.33962217035686,1.54679857638981,1.02283512196636,1.61641250905414,1.82323710705304,1.08728304462847,1.98670106147728,1.94467999364467,1.58102039787035,1.76774529403436,1.24513070808962,1.52099882649304,1.30784521592215,1.98536976984952,1.17310997665539,1.66353732378387,1.81836034814751,1.24038132291305,1.1482354058643,1.53214501521184,1.71801538240072,1.14044638077749,1.44669996036529,1.35564327163419,1.80520400768388,1.12496135482796,1.64489095501829,1.53316477245333,1.61849918059004,1.37980260810806,1.06439404984209,1.52282099077609,1.40143684782155,1.6521027342659,1.12191054603174,1.14133206482107,1.47257923310277,53.8485440145473,1.76532593777651,1.07923292139509,1.70592707195595,1.7350021338719,1.40284048644958,1.69824633360759,1.99365905299487,1.60645040246027,1.38860207814193,1.72489520475496,1.25455812888898,1.18724115760403,1.18312157792185,1.09025625795604
1.76782378822929,1.82428267962499,1.80716305729335,1.91606191821213,1.42629938033703,1.88741998555484,1.43225544338685,1.69111630538996,1.25868646440035,1.63975278504181,1.56721920127385,1.46633383839686,1.12537495611486,1.15662796569831,1.20658979527959,1.28397040967083,1.46906058232722,1.07728473799177,1.55987045707175,1.48545159701512,1.38638168451673,1.02470128518748,1.36499255400384,1.39236360201257,1.91429256317871,1.51233432372675,1.77673443256725,1.92443889608813,1.97995263476854,1.7832007509578,1.2949705725978,1.48823240515228,1.27698568733269,1.4817131499209,1.13551625382878,1.77653825831438,1.44449781041802,1.76532593777651,53.5714783005284,1.54040642107856,1.38079197675958,1.98224611253582,1.305440833003,1.34871300093304,1.20316299153639,1.00558579340837,1.27961150383559,1.27262388508423,1.47105669205592,1.28974292766757,1.04801185012237,1.6715297241097
1.83624997122039,1.78467691027777,1.94570513812159,1.06165330906476,1.63279081770815,1.95967937910914,1.95632943508976,1.25120118877441,1.98536243475292,1.80585828693856,1.79514250056592,1.55061018306325,1.40852214135626,1.73671253199536,1.68750244550756,1.75601474650019,1.61477324255499,1.54235093041433,1.45537285481364,1.360646020789,1.66795915768852,1.88679813960884,1.82093468765772,1.11490947944806,1.53418917280351,1.04465970911303,1.20470491992529,1.74389761674399,1.00283193634955,1.75197245075925,1.1163170887699,1.51887941198371,1.79356350740118,1.8536164471198,1.98563045867981,1.28793548340347,1.10828333492777,1.07923292139509,1.54040642107856,53.8110984716616,1.66156952672711,1.02058326779892,1.92696054090139,1.0827414878098,1.23371007816573,1.03348252039099,1.36263162473339,1.81509632236096,1.71148280087462,1.18292818273554,1.77727454331577,1.37172919296274
1.34442270935719,1.81572649991872,1.71135290745243,1.72986421861214,1.48549373330804,1.62288824637555,1.49746556603232,1.58044061836807,1.90645523877184,1.73617704293513,1.86178241663695,1.39063113433804,1.54476028473338,1.4442762874273,1.04742232991728,1.83144732137744,1.25963370234688,1.09531250274522,1.55163022715209,1.74801579664835,1.26319379092343,1.48552884789441,1.31980319568878,1.99346022028171,1.53978535930616,1.95471606028952,1.77808254294939,1.61085593915119,1.38778213988421,1.99117649765274,1.64548713231715,1.35985098330297,1.5682415475921,1.09912557764869,1.59231907901928,1.56310513129602,1.72699022140679,1.70592707195595,1.38079197675958,1.66156952672711,53.1453595343723,1.18770312573188,1.65729929630519,1.60120917838123,1.63467540388679,1.00778132165213,1.98131932876134,1.3828629168602,1.88119720010143,1.17252794987174,1.79261995656072,1.77519634634964
1.97801536600013,1.09440941135139,1.49497045180526,1.54615676568176,1.86505640571241,1.64330490661939,1.73999824549071,1.8100921687717,1.93851547685383,1.03550700193062,1.95983877915882,1.21765849144089,1.46188385666436,1.86253022908351,1.89407297824233,1.41286413949582,1.22890909492453,1.12674139818491,1.59933866821199,1.75462234940129,1.97982771554022,1.12669345509573,1.9569318806552,1.63276002445852,1.10819704509722,1.43617433376432,1.91614720500826,1.92052326254571,1.37894242367658,1.9278233362957,1.08364488979971,1.19316106671149,1.35517092531322,1.09934230060286,1.72635579375846,1.43652649616661,1.18759040310401,1.7350021338719,1.98224611253582,1.02058326779892,1.18770312573188,53.0333462660356,1.25783348468031,1.63046617649052,1.34508981012976,1.11878489056546,1.4819894807795,1.48591465432472,1.02556478652431,1.72990384871601,1.77209903335762,1.12004780821504
1.23804510349317,1.56453874360981,1.83752288894612,1.64816628799223,1.41749164760927,1.8942346530474,1.52392124921266,1.35018412226354,1.02233279683736,1.7004380853383,1.73783997247826,1.1048023077216,1.11879523895625,1.72666634653074,1.48051493870118,1.03704181035843,1.73170022374564,1.97144404192057,1.99493605503577,1.22760277065803,1.68591285715155,1.05367144758518,1.6341269545416,1.18755817189233,1.49621578189368,1.84274606399366,1.98228422504956,1.07764182476217,1.27977594885965,1.33479981605653,1.99028972489307,1.64178107196548,1.03065912985739,1.82298485181433,1.74363541544584,1.33292971846318,1.02893158422268,1.40284048644958,1.305440833003,1.92696054090139,1.65729929630519,1.25783348468031,53.8399512687884,1.03913271335845,1.8646018527749,1.22558834227994,1.74112524778635,1.62004286731595,1.11954080319011,1.3269142053681,1.99560085264761,1.04683953060156
1.94831421316988,1.20731601501224,1.5826824515046,1.78068959889034,1.22785831439675,1.38923379750421,1.67176414498676,1.40167898098085,1.48267074464013,1.11939282208653,1.2016280229211,1.58842945917902,1.55443758170793,1.55871337817922,1.02463909938216,1.44073988191818,1.3930217779209,1.61837785254157,1.30608349214591,1.31536434791766,1.24418879730822,1.79896051706698,1.14689903014661,1.29865301926558,1.58357499008233,1.42091393862894,1.48947467584604,1.33763188837917,1.67658228272413,1.14430224389969,1.34768112858184,1.71984896749251,1.64140089072352,1.15526293504763,1.87972437351929,1.12961685291008,1.48552728653211,1.69824633360759,1.34871300093304,1.0827414878098,1.60120917838123,1.63046617649052,1.03913271335845,53.3070033436208,1.19380122571895,1.43930818580059,1.41161927227472,1.898992057377,1.24278337286915,1.30055781374711,1.25932828628427,1.23518941562399
1.37767127406675,1.09416422904197,1.79525472819584,1.21273769029078,1.37800611480046,1.37845015031213,1.73239036823269,1.11765184445197,1.53637613474223,1.80303828315951,1.91189278285573,1.26180323365228,1.32518992215637,1.6375976161275,1.97012551080907,1.54264661741566,1.14043293993009,1.58405013223367,1.72377432683659,1.59083115802651,1.58544029741801,1.06109796653553,1.45497914517996,1.56995597880797,1.92785681408265,1.58872719881531,1.69351683403063,1.17243458524925,1.09318725955355,1.38137327198934,1.81461300925101,1.80184457721275,1.32911642563023,1.4054143086101,1.88312497776147,1.24454274878117,1.77062658209849,1.99365905299487,1.20316299153639,1.23371007816573,1.63467540388679,1.34508981012976,1.8646018527749,1.19380122571895,53.0417143767894,1.80233244029914,1.71337929121842,1.60955338255016,1.95389546777769,1.9754381747802,1.2982335404019,1.33752107263427
