29.0214100540715,1.08366570905022,1.52061256650864,1.59838416268974,1.43275167487224,1.85662710613414,1.74428825860111,1.34746076089677,1.08543836003423,1.12339633941809,1.65472464200795,1.96910121337003,1.73535360569849,1.60880227601566,1.44171134868716,1.05737646532123,1.68681907918622,1.09545855182012,1.69125019791129,1.55329345937506,1.1518813968412,1.22454958140131,1.04188779464079,1.37459754961291,1.87971229845645,1.13651493663737,1.96140191283142,1.41730117165358
1.08366570905022,29.0702683558083,1.49983701738521,1.27105238114998,1.15393406532422,1.02044958342819,1.86943654430538,1.58668574019647,1.87707668956233,1.61372480244084,1.9341465015589,1.96251504959656,1.73712114185892,1.58887114310119,1.93161626250093,1.47247474709175,1.19767341865118,1.37332761118809,1.52985121241298,1.8844924978374,1.46878616300821,1.22110140985861,1.4377859567468,1.62066755984941,1.44565099125991,1.47967375138759,1.99526510946232,1.3253632892507
1.52061256650864,1.49983701738521,29.7426644609043,1.86583101510342,1.02693537763643,1.24250147782383,1.1368833962534,1.18086944296065,1.26295106125202,1.00631994009312,1.76755518362278,1.14002775034869,1.62004474253396,1.70170168471602,1.10254279947958,1.35716588392722,1.29057282735155,1.03415906198051,1.82964063148463,1.48824624600273,1.4074866731686,1.35949184343195,1.37273874337447,1.87627283617681,1.58059325375622,1.81052470012127,1.49694039556055,1.02624424455047
1.59838416268974,1.27105238114998,1.86583101510342,29.9063871390682,1.44887252685096,1.09427199470544,1.77221815417158,1.47580790448739,1.33677347299493,1.90910155042498,1.6566773479137,1.59972453424694,1.91542149051811,1.42423253107082,1.73975228506129,1.5354662325864,1.12593421532117,1.84229508454087,1.89263211651362,1.41650704267272,1.87645414652138,1.72227274753259,1.90475328867545,1.28394081922432,1.08176459096454,1.27749203158426,1.16021365493546,1.66235784472076
1.43275167487224,1.15393406532422,1.02693537763643,1.44887252685096,29.1493595555189,1.04020962307239,1.28460232088557,1.59823208236985,1.13448161824349,1.05682047459149,1.07403998639157,1.47125509123842,1.96592202501647,1.73071733430527,1.0709796250197,1.88134351506892,1.15494986491043,1.81073191008099,1.41680974718966,1.2808840802316,1.65302699462186,1.30944186370328,1.69739112290432,1.52948114067758,1.03171461077021,1.60214441111411,1.81342196036755,1.11347920173475
1.85662710613414,1.02044958342819,1.24250147782383,1.09427199470544,1.04020962307239,29.4644391357267,1.34586835575563,1.78014922131791,1.50464875879914,1.63047067710686,1.3783813032221,1.63913037704263,1.68729115169835,1.45242129007933,1.11038546781539,1.65321317671482,1.18313862391894,1.18136509330075,1.53455669131808,1.33808848929502,1.99209700338174,1.9513664389734,1.61897256952663,1.64512399753794,1.26080830221102,1.31636369243095,1.17460513821552,1.29252291298123
1.74428825860111,1.86943654430538,1.1368833962534,1.77221815417158,1.28460232088557,1.34586835575563,29.765797719716,1.59245237921944,1.64627829689825,1.11166607547163,1.3726016000717,1.15092705569739,1.74213675257849,1.75098290375945,1.79005743274002,1.42942790381118,1.20340419337312,1.90044290102108,1.08264108006034,1.38654281729206,1.08180799385617,1.61719777184408,1.72463130658708,1.07390499677225,1.56856421035182,1.34360387611371,1.71902899477586,1.82937251256284
1.34746076089677,1.58668574019647,1.18086944296065,1.47580790448739,1.59823208236985,1.78014922131791,1.59245237921944,29.8433239440635,1.70973670189722,1.14241793711782,1.43577632281733,1.35601499832981,1.25408401258946,1.80837792335468,1.5069420540272,1.99622076516795,1.55936082664847,1.29699948676722,1.42564866851347,1.76276502002159,1.19744238732264,1.50828974903947,1.14930783684799,1.2792503811788,1.12548752041789,1.87393914390073,1.35315537795106,1.69405173076971
1.08543836003423,1.87707668956233,1.26295106125202,1.33677347299493,1.13448161824349,1.50464875879914,1.64627829689825,1.70973670189722,29.1732172082054,1.83260647711931,1.69080367995929,1.88295391010258,1.97502441423713,1.12658000231096,1.23896890796673,1.22910842636093,1.93495792566564,1.74591096245959,1.22532919106322,1.49431875184845,1.04291044876115,1.65097785957669,1.25708377140438,1.24035283608378,1.1592676081505,1.40639160871803,1.51960321726259,1.28475512856839
1.12339633941809,1.61372480244084,1.00631994009312,1.90910155042498,1.05682047459149,1.63047067710686,1.11166607547163,1.14241793711782,1.83260647711931,29.8313706185815,1.75824120862328,1.32076797788998,1.66397709523513,1.44904488811691,1.2037218875269,1.6390015090066,1.57562489042786,1.44269079549363,1.86810993536753,1.5105828160935,1.18860175748756,1.09343912596509,1.00490156747629,1.23151220624871,1.74441698600744,1.26198533934633,1.4718650423325,1.90368459415794
1.65472464200795,1.9341465015589,1.76755518362278,1.6566773479137,1.07403998639157,1.3783813032221,1.3726016000717,1.43577632281733,1.69080367995929,1.75824120862328,29.7199312945455,1.81702845348838,1.65333644889916,1.47817250270311,1.13779643091271,1.31731354413429,1.92721739082002,1.34151831843961,1.95631505314089,1.50284228124788,1.78420911393324,1.82442498850842,1.01342509687572,1.97281087188647,1.91786411447351,1.01832666435201,1.20432307766952,1.66228110001529
1.96910121337003,1.96251504959656,1.14002775034869,1.59972453424694,1.47125509123842,1.63913037704263,1.15092705569739,1.35601499832981,1.88295391010258,1.32076797788998,1.81702845348838,29.5911296818364,1.16594395282024,1.06098435030365,1.40815813485913,1.81928040218506,1.53915685300676,1.54595456577183,1.13659394585369,1.46637424382678,1.88747288421144,1.09290899852892,1.96921652507466,1.67168199814469,1.91733398703734,1.98264162195038,1.64449286956549,1.83519810151085
1.73535360569849,1.73712114185892,1.62004474253396,1.91542149051811,1.96592202501647,1.68729115169835,1.74213675257849,1.25408401258946,1.97502441423713,1.66397709523513,1.65333644889916,1.16594395282024,29.4713440153149,1.06559673653245,1.33063199153665,1.63728796860077,1.12658108683609,1.73879012686144,1.45656837032017,1.66573793984285,1.28474469216761,1.59316231617386,1.13211218320397,1.17221757637906,1.68607131470278,1.10132870781297,1.84389957452374,1.60340530174012
1.60880227601566,1.58887114310119,1.70170168471602,1.42423253107082,1.73071733430527,1.45242129007933,1.75098290375945,1.80837792335468,1.12658000231096,1.44904488811691,1.47817250270311,1.06098435030365,1.06559673653245,29.7794165852384,1.55688011998165,1.19489805502579,1.84501332177083,1.88751211198397,1.83218602362656,1.97159440860692,1.62630223837975,1.28875439348107,1.63733234844978,1.91104693054736,1.88191670965493,1.76944453165375,1.08326450646076,1.56798802389204
1.44171134868716,1.93161626250093,1.10254279947958,1.73975228506129,1.0709796250197,1.11038546781539,1.79005743274002,1.5069420540272,1.23896890796673,1.2037218875269,1.13779643091271,1.40815813485913,1.33063199153665,1.55688011998165,29.3629846402272,1.72564327657486,1.44926686186775,1.91986476067447,1.92054133160065,1.29428018363858,1.80737687219278,1.75272735476155,1.26587459177984,1.43367911010686,1.04148174777696,1.90320694022961,1.34472604018856,1.92339845743189
1.05737646532123,1.47247474709175,1.35716588392722,1.5354662325864,1.88134351506892,1.65321317671482,1.42942790381118,1.99622076516795,1.22910842636093,1.6390015090066,1.31731354413429,1.81928040218506,1.63728796860077,1.19489805502579,1.72564327657486,29.9458407917739,1.80830371603756,1.72744733641271,1.67148406834876,1.25757057743965,1.64731209662152,1.59202539948375,1.55185076107823,1.45468896834864,1.3447527542453,1.81772535332373,1.8883680784555,1.38623450202226
1.68681907918622,1.19767341865118,1.29057282735155,1.12593421532117,1.15494986491043,1.18313862391894,1.20340419337312,1.55936082664847,1.93495792566564,1.57562489042786,1.92721739082002,1.53915685300676,1.12658108683609,1.84501332177083,1.44926686186775,1.80830371603756,29.4488799504232,1.91989434320475,1.86261956713284,1.25718366599511,1.64734167961746,1.53410363501595,1.51475424390042,1.29465377577332,1.12612903403404,1.06660500451299,1.74934274458761,1.47088178827934
1.09545855182012,1.37332761118809,1.03415906198051,1.84229508454087,1.81073191008099,1.18136509330075,1.90044290102108,1.29699948676722,1.74591096245959,1.44269079549363,1.34151831843961,1.54595456577183,1.73879012686144,1.88751211198397,1.91986476067447,1.72744733641271,1.91989434320475,29.7235753651352,1.26083764213176,1.09438580651506,1.64346970834,1.12345720879895,1.35156947297583,1.29081138749179,1.65756084381489,1.86632371687625,1.58546516326511,1.78368987831459
1.69125019791129,1.52985121241298,1.82964063148463,1.89263211651362,1.41680974718966,1.53455669131808,1.08264108006034,1.42564866851347,1.22532919106322,1.86810993536753,1.95631505314089,1.13659394585369,1.45656837032017,1.83218602362656,1.92054133160065,1.67148406834876,1.86261956713284,1.26083764213176,29.0723135490307,1.90392737831172,1.56949291637609,1.33315119162814,1.99831318529244,1.21296262425043,1.45660840042709,1.34988265780261,1.50377401174222,1.11416924424198
1.55329345937506,1.8844924978374,1.48824624600273,1.41650704267272,1.2808840802316,1.33808848929502,1.38654281729206,1.76276502002159,1.49431875184845,1.5105828160935,1.50284228124788,1.46637424382678,1.66573793984285,1.97159440860692,1.29428018363858,1.25757057743965,1.25718366599511,1.09438580651506,1.90392737831172,29.7968664601431,1.31245323238543,1.96807531545315,1.70079383845478,1.88194614876152,1.30122650661563,1.69910702328156,1.09490877301195,1.75783490750838
1.1518813968412,1.46878616300821,1.4074866731686,1.87645414652138,1.65302699462186,1.99209700338174,1.08180799385617,1.19744238732264,1.04291044876115,1.18860175748756,1.78420911393324,1.88747288421144,1.28474469216761,1.62630223837975,1.80737687219278,1.64731209662152,1.64734167961746,1.64346970834,1.56949291637609,1.31245323238543,29.9842662871742,1.64319412626475,1.6988384973718,1.29671951909397,1.61126944125223,1.39963233536092,1.17866566738983,1.91249594833352
1.22454958140131,1.22110140985861,1.35949184343195,1.72227274753259,1.30944186370328,1.9513664389734,1.61719777184408,1.50828974903947,1.65097785957669,1.09343912596509,1.82442498850842,1.09290899852892,1.59316231617386,1.28875439348107,1.75272735476155,1.59202539948375,1.53410363501595,1.12345720879895,1.33315119162814,1.96807531545315,1.64319412626475,29.3049804313597,1.19460655525076,1.65187079955445,1.94817455762447,1.89344505262256,1.94859031864842,1.5594439988767
1.04188779464079,1.4377859567468,1.37273874337447,1.90475328867545,1.69739112290432,1.61897256952663,1.72463130658708,1.14930783684799,1.25708377140438,1.00490156747629,1.01342509687572,1.96921652507466,1.13211218320397,1.63733234844978,1.26587459177984,1.55185076107823,1.51475424390042,1.35156947297583,1.99831318529244,1.70079383845478,1.6988384973718,1.19460655525076,29.9078400828446,1.4696799975213,1.82785998742462,1.1024466380954,1.12155079661009,1.77603454504909
1.37459754961291,1.62066755984941,1.87627283617681,1.28394081922432,1.52948114067758,1.64512399753794,1.07390499677225,1.2792503811788,1.24035283608378,1.23151220624871,1.97281087188647,1.67168199814469,1.17221757637906,1.91104693054736,1.43367911010686,1.45468896834864,1.29465377577332,1.29081138749179,1.21296262425043,1.88194614876152,1.29671951909397,1.65187079955445,1.4696799975213,29.3166726801156,1.42844933663888,1.41914086994675,1.78635267810261,1.2563093240635
1.87971229845645,1.44565099125991,1.58059325375622,1.08176459096454,1.03171461077021,1.26080830221102,1.56856421035182,1.12548752041789,1.1592676081505,1.74441698600744,1.91786411447351,1.91733398703734,1.68607131470278,1.88191670965493,1.04148174777696,1.3447527542453,1.12612903403404,1.65756084381489,1.45660840042709,1.30122650661563,1.61126944125223,1.94817455762447,1.82785998742462,1.42844933663888,29.6787058802688,1.96695949927296,1.08398997228778,1.10715521644203
1.13651493663737,1.47967375138759,1.81052470012127,1.27749203158426,1.60214441111411,1.31636369243095,1.34360387611371,1.87393914390073,1.40639160871803,1.26198533934633,1.01832666435201,1.98264162195038,1.10132870781297,1.76944453165375,1.90320694022961,1.81772535332373,1.06660500451299,1.86632371687625,1.34988265780261,1.69910702328156,1.39963233536092,1.89344505262256,1.1024466380954,1.41914086994675,1.96695949927296,29.715174628289,1.23338907735114,1.59152313815035
1.96140191283142,1.99526510946232,1.49694039556055,1.16021365493546,1.81342196036755,1.17460513821552,1.71902899477586,1.35315537795106,1.51960321726259,1.4718650423325,1.20432307766952,1.64449286956549,1.84389957452374,1.08326450646076,1.34472604018856,1.8883680784555,1.74934274458761,1.58546516326511,1.50377401174222,1.09490877301195,1.17866566738983,1.94859031864842,1.12155079661009,1.78635267810261,1.08398997228778,1.23338907735114,29.7267064474182,1.13725118904247
1.41730117165358,1.3253632892507,1.02624424455047,1.66235784472076,1.11347920173475,1.29252291298123,1.82937251256284,1.69405173076971,1.28475512856839,1.90368459415794,1.66228110001529,1.83519810151085,1.60340530174012,1.56798802389204,1.92339845743189,1.38623450202226,1.47088178827934,1.78368987831459,1.11416924424198,1.75783490750838,1.91249594833352,1.5594439988767,1.77603454504909,1.2563093240635,1.10715521644203,1.59152313815035,1.13725118904247,29.5832171726894
