29.9555626595186,1.588462703204,1.72046836173184,1.33998421269468,1.54855822797332,1.44924268845899,1.40653989389843,1.82603280238157,1.87669537070985,1.54133007095257,1.29122907635347,1.36629094759295,1.65204262158463,1.72239317499213,1.31383782919209,1.16384462088526,1.87581581197484,1.48296683630113,1.30835142187232,1.68322939084993,1.81254969249133,1.80441247662735,1.85003553417047,1.36638831271156,1.07844294611292,1.72662025863613,1.96750990672387,1.43722618764137
1.588462703204,29.829266162044,1.02044335986508,1.96849865138926,1.41772886478236,1.74091172159692,1.30848286408395,1.96628709275568,1.19015441005591,1.71502275798238,1.79231989513725,1.0668497803001,1.25635282846929,1.08354897102506,1.43314072789305,1.90839545051958,1.80594214648285,1.74697855708514,1.07224007093918,1.68175795799203,1.22994539292061,1.38059149281149,1.3649873483763,1.04249508494627,1.18500396897318,1.21502288254677,1.40888339765784,1.2634469150861
1.72046836173184,1.02044335986508,29.7006731031931,1.95457913351924,1.20565946596007,1.72111646305822,1.92307778444284,1.62338833074243,1.46202818465514,1.23156064806113,1.58967542349811,1.65218259471105,1.94658340604351,1.3819953181697,1.71903237501114,1.2029362345128,1.46554428919477,1.15217310243853,1.11133168456672,1.27148643521196,1.89915165952367,1.1835717555059,1.95324439320399,1.12909705197862,1.56416324878305,1.31823174158029,1.17159213739056,1.74916721775623
1.33998421269468,1.96849865138926,1.95457913351924,29.4748977648443,1.9568688394301,1.71328723603547,1.42947689789789,1.1625283049245,1.43440369862802,1.35255468234073,1.78591663566693,1.89643188328316,1.58411533040186,1.37559205869939,1.54861447752855,1.53069873644537,1.75758737686909,1.26764685207403,1.73363497095817,1.22313166606386,1.41981995451256,1.8449666555249,1.49461810127581,1.31897161357057,1.02853841056514,1.4478624944798,1.44806866601485,1.59270165934819
1.54855822797332,1.41772886478236,1.20565946596007,1.9568688394301,29.2001363379881,1.35448300994676,1.7742466245658,1.15700517695258,1.06777024551657,1.20372352246368,1.31953348187708,1.50217394414459,1.55627820480442,1.10545011754402,1.39860582742775,1.14039353474062,1.4810421762434,1.9472203049563,1.67109227118599,1.23862955311249,1.21486715703032,1.4047272416785,1.46176121917635,1.63468711154288,1.24969389673774,1.95637932045217,1.95365872557911,1.27823230776854
1.44924268845899,1.74091172159692,1.72111646305822,1.71328723603547,1.35448300994676,29.2128028437555,1.46968490978223,1.22152453205619,1.56728585370224,1.24393153434802,1.37852970947443,1.63505609921881,1.44765505681171,1.69806319135151,1.1372300433634,1.00393326115046,1.80351330889553,1.53583587079115,1.14432679589108,1.28455548513893,1.48305617528179,1.81541906754273,1.52318503825142,1.69792333231211,1.22014630875557,1.98494625742778,1.33261044385499,1.46984020595897
1.40653989389843,1.30848286408395,1.92307778444284,1.42947689789789,1.7742466245658,1.46968490978223,29.5159034419413,1.70938475416479,1.83180932459971,1.98558835218921,1.93090928622098,1.39909517783629,1.22951988607157,1.30943899522975,1.0341512770551,1.67717494288328,1.00750218658126,1.1713813204185,1.68110820403374,1.81101549547679,1.70721719120965,1.82543499992482,1.09557098015005,1.19027336602578,1.64085406700189,1.61875601840148,1.88819669880355,1.86100037622312
1.82603280238157,1.96628709275568,1.62338833074243,1.1625283049245,1.15700517695258,1.22152453205619,1.70938475416479,29.1950728707924,1.69791957535684,1.40649868613412,1.90445762495718,1.52972889949089,1.39208703785766,1.8353669107125,1.92882407779285,1.62160692392923,1.14480590594225,1.96297535484795,1.29878186634685,1.15230809252351,1.13435667480079,1.97989007038059,1.9633235880003,1.84157386601045,1.80532507030541,1.05889456815035,1.03184723157056,1.44617913684164
1.87669537070985,1.19015441005591,1.46202818465514,1.43440369862802,1.06777024551657,1.56728585370224,1.83180932459971,1.69791957535684,29.7169331892938,1.71697595888608,1.84300025405502,1.41485276465065,1.12347464455453,1.74745787854654,1.94458166414154,1.51556168287786,1.58282478925904,1.87340574146873,1.13716860634143,1.72763069520128,1.83638109585102,1.43595047315394,1.87993878772479,1.97073777065181,1.41584054306887,1.84326237525943,1.81231163619659,1.22116561290862
1.54133007095257,1.71502275798238,1.23156064806113,1.35255468234073,1.20372352246368,1.24393153434802,1.98558835218921,1.40649868613412,1.71697595888608,29.6875411061046,1.55298125350521,1.3294775459587,1.40451706452506,1.39598150756023,1.74433031060935,1.52799170907959,1.14343938564111,1.68891197475088,1.04355339149179,1.72626417490014,1.56231771575395,1.18072199829888,1.45389486963576,1.39869881160497,1.61667247145282,1.3338336568949,1.36943658179112,1.03251301405603
1.29122907635347,1.79231989513725,1.58967542349811,1.78591663566693,1.31953348187708,1.37852970947443,1.93090928622098,1.90445762495718,1.84300025405502,1.55298125350521,29.6951637541387,1.5080919966605,1.20776200211037,1.24814500764392,1.83756954308486,1.61227906663543,1.64412651520415,1.58189985322854,1.14027077571502,1.78756590084525,1.27081182751377,1.1838241672068,1.51383007574539,1.83312954373338,1.36454616550568,1.96772494538116,1.23182835487268,1.9812186369585
1.36629094759295,1.0668497803001,1.65218259471105,1.89643188328316,1.50217394414459,1.63505609921881,1.39909517783629,1.52972889949089,1.41485276465065,1.3294775459587,1.5080919966605,29.0839812951554,1.73718901106026,1.29419387797555,1.59207329228151,1.94495101363629,1.54233888561946,1.42964283490071,1.55723007980605,1.18646540035795,1.0115426876636,1.69750085552107,1.97403130166886,1.28235451564302,1.88132502319353,1.48786137694859,1.11548405891074,1.24587118823355
1.65204262158463,1.25635282846929,1.94658340604351,1.58411533040186,1.55627820480442,1.44765505681171,1.22951988607157,1.39208703785766,1.12347464455453,1.40451706452506,1.20776200211037,1.73718901106026,29.0106752822225,1.13954086887629,1.78064670543216,1.74786429328279,1.4337347473175,1.37271999724802,1.69281530645341,1.97607363293696,1.80236283214873,1.25004538625947,1.16253903329491,1.81390552027799,1.94754624178053,1.1365703344981,1.09626003545535,1.8288712645084
1.72239317499213,1.08354897102506,1.3819953181697,1.37559205869939,1.10545011754402,1.69806319135151,1.30943899522975,1.8353669107125,1.74745787854654,1.39598150756023,1.24814500764392,1.29419387797555,1.13954086887629,29.7797351082693,1.74755091860311,1.87734496541198,1.91927597714554,1.52819762356961,1.62520925869476,1.35301072399738,1.90091762128329,1.31802456468252,1.32908435693434,1.70328045296635,1.56806995094198,1.49162339022924,1.51718597277868,1.51561619272251
1.31383782919209,1.43314072789305,1.71903237501114,1.54861447752855,1.39860582742775,1.1372300433634,1.0341512770551,1.92882407779285,1.94458166414154,1.74433031060935,1.83756954308486,1.59207329228151,1.78064670543216,1.74755091860311,29.3146014494424,1.10943862381831,1.91083993944844,1.06215236757982,1.98678358969595,1.83011591659399,1.59034999161509,1.61199284792505,1.1831266401257,1.49126761243272,1.93001741260757,1.51221099706004,1.19454806493341,1.49808736354955
1.16384462088526,1.90839545051958,1.2029362345128,1.53069873644537,1.14039353474062,1.00393326115046,1.67717494288328,1.62160692392923,1.51556168287786,1.52799170907959,1.61227906663543,1.94495101363629,1.74786429328279,1.87734496541198,1.10943862381831,29.6298723824461,1.55760205889009,1.0768005000785,1.7393110067301,1.46844199787287,1.13895286812398,1.72609459596039,1.2985579140012,1.72930285973908,1.33808744341977,1.48168455459256,1.22057047170613,1.26810485556168
1.87581581197484,1.80594214648285,1.46554428919477,1.75758737686909,1.4810421762434,1.80351330889553,1.00750218658126,1.14480590594225,1.58282478925904,1.14343938564111,1.64412651520415,1.54233888561946,1.4337347473175,1.91927597714554,1.91083993944844,1.55760205889009,29.5635167553851,1.1761898697243,1.74868443689713,1.12111881380953,1.25299037026846,1.48799544316157,1.5895608116824,1.39194323839245,1.2140900386563,1.88811872614926,1.12124609766586,1.55217748207607
1.48296683630113,1.74697855708514,1.15217310243853,1.26764685207403,1.9472203049563,1.53583587079115,1.1713813204185,1.96297535484795,1.87340574146873,1.68891197475088,1.58189985322854,1.42964283490071,1.37271999724802,1.52819762356961,1.06215236757982,1.0768005000785,1.1761898697243,29.8339556478122,1.35611908387212,1.6387593530299,1.01014551707085,1.10480352030359,1.75987816683942,1.26313588733931,1.59279896346517,1.34943897852182,1.65507912573175,1.80688900212147
1.30835142187232,1.07224007093918,1.11133168456672,1.73363497095817,1.67109227118599,1.14432679589108,1.68110820403374,1.29878186634685,1.13716860634143,1.04355339149179,1.14027077571502,1.55723007980605,1.69281530645341,1.62520925869476,1.98678358969595,1.7393110067301,1.74868443689713,1.35611908387212,29.0665808525246,1.10815054742068,1.89057130361468,1.42269993639677,1.74690990091623,1.90071682115119,1.52750345716602,1.50678806729,1.16385270802484,1.12030242016553
1.68322939084993,1.68175795799203,1.27148643521196,1.22313166606386,1.23862955311249,1.28455548513893,1.81101549547679,1.15230809252351,1.72763069520128,1.72626417490014,1.78756590084525,1.18646540035795,1.97607363293696,1.35301072399738,1.83011591659399,1.46844199787287,1.12111881380953,1.6387593530299,1.10815054742068,29.4749331564991,1.05689029770758,1.22422421640913,1.58308370391982,1.94746160178793,1.6469241528059,1.32999360437039,1.84817842247345,1.17442760950626
1.81254969249133,1.22994539292061,1.89915165952367,1.41981995451256,1.21486715703032,1.48305617528179,1.70721719120965,1.13435667480079,1.83638109585102,1.56231771575395,1.27081182751377,1.0115426876636,1.80236283214873,1.90091762128329,1.59034999161509,1.13895286812398,1.25299037026846,1.01014551707085,1.89057130361468,1.05689029770758,29.5691146471394,1.65085179109632,1.99239330878127,1.62600494531263,1.87507600750545,1.57547701223543,1.57346654663489,1.52200016031135
1.80441247662735,1.38059149281149,1.1835717555059,1.8449666555249,1.4047272416785,1.81541906754273,1.82543499992482,1.97989007038059,1.43595047315394,1.18072199829888,1.1838241672068,1.69750085552107,1.25004538625947,1.31802456468252,1.61199284792505,1.72609459596039,1.48799544316157,1.10480352030359,1.42269993639677,1.22422421640913,1.65085179109632,29.5281857380309,1.15146767122274,1.03821553943596,1.17903752912722,1.14386097953835,1.66422048474859,1.05411353616701
1.85003553417047,1.3649873483763,1.95324439320399,1.49461810127581,1.46176121917635,1.52318503825142,1.09557098015005,1.9633235880003,1.87993878772479,1.45389486963576,1.51383007574539,1.97403130166886,1.16253903329491,1.32908435693434,1.1831266401257,1.2985579140012,1.5895608116824,1.75987816683942,1.74690990091623,1.58308370391982,1.99239330878127,1.15146767122274,29.0715642925685,1.26244360453563,1.16767152266934,1.22303196379125,1.30065914443725,1.34670905179657
1.36638831271156,1.04249508494627,1.12909705197862,1.31897161357057,1.63468711154288,1.69792333231211,1.19027336602578,1.84157386601045,1.97073777065181,1.39869881160497,1.83312954373338,1.28235451564302,1.81390552027799,1.70328045296635,1.49126761243272,1.72930285973908,1.39194323839245,1.26313588733931,1.90071682115119,1.94746160178793,1.62600494531263,1.03821553943596,1.26244360453563,29.8744172001604,1.88316302601395,1.74916542961689,1.13686080469604,1.05083454868329
1.07844294611292,1.18500396897318,1.56416324878305,1.02853841056514,1.24969389673774,1.22014630875557,1.64085406700189,1.80532507030541,1.41584054306887,1.61667247145282,1.36454616550568,1.88132502319353,1.94754624178053,1.56806995094198,1.93001741260757,1.33808744341977,1.2140900386563,1.59279896346517,1.52750345716602,1.6469241528059,1.87507600750545,1.17903752912722,1.16767152266934,1.88316302601395,29.8825283226941,1.01303123776476,1.67139712705808,1.76569134824243
1.72662025863613,1.21502288254677,1.31823174158029,1.4478624944798,1.95637932045217,1.98494625742778,1.61875601840148,1.05889456815035,1.84326237525943,1.3338336568949,1.96772494538116,1.48786137694859,1.1365703344981,1.49162339022924,1.51221099706004,1.48168455459256,1.88811872614926,1.34943897852182,1.50678806729,1.32999360437039,1.57547701223543,1.14386097953835,1.22303196379125,1.74916542961689,1.01303123776476,29.306921661043,1.3912737664726,1.46557305122985
1.96750990672387,1.40888339765784,1.17159213739056,1.44806866601485,1.95365872557911,1.33261044385499,1.88819669880355,1.03184723157056,1.81231163619659,1.36943658179112,1.23182835487268,1.11548405891074,1.09626003545535,1.51718597277868,1.19454806493341,1.22057047170613,1.12124609766586,1.65507912573175,1.16385270802484,1.84817842247345,1.57346654663489,1.66422048474859,1.30065914443725,1.13686080469604,1.67139712705808,1.3912737664726,29.6977098880791,1.34537762093608
1.43722618764137,1.2634469150861,1.74916721775623,1.59270165934819,1.27823230776854,1.46984020595897,1.86100037622312,1.44617913684164,1.22116561290862,1.03251301405603,1.9812186369585,1.24587118823355,1.8288712645084,1.51561619272251,1.49808736354955,1.26810485556168,1.55217748207607,1.80688900212147,1.12030242016553,1.17442760950626,1.52200016031135,1.05411353616701,1.34670905179657,1.05083454868329,1.76569134824243,1.46557305122985,1.34537762093608,29.0099437763029
