29.0233918586855,1.58889988464718,1.35532139770469,1.05772760326868,1.67788353873318,1.16627206940496,1.41201624665969,1.8295380858842,1.20848714057751,1.84845445624015,1.85212145738868,1.29849250768241,1.10143629279986,1.99141153366836,1.65035766812524,1.24444615340067,1.89558577299844,1.27651830775501,1.77628970694555,1.81778787114554,1.96471258623745,1.33213343440189,1.47802642149759,1.52745888732721,1.76160507405252,1.01808167342939,1.31523283585684,1.00921595795509
1.58889988464718,29.2064228324249,1.0191597347237,1.33745130772584,1.79532271753779,1.37448113242839,1.39517891099452,1.47320625580531,1.54075320183335,1.80719515765421,1.30274434168951,1.74924034287652,1.65564961389436,1.15486579861253,1.04773285009327,1.75708590669422,1.14627733228089,1.69809051868417,1.00153205962923,1.04186310481367,1.97460882643918,1.77782176657478,1.85965097595921,1.93932141221097,1.10995520097667,1.33767739699114,1.46678029907252,1.87156027502919
1.35532139770469,1.0191597347237,29.8807762334499,1.66981851946088,1.98843596781997,1.89993596817364,1.00726982718672,1.78375868489209,1.27441710013636,1.40244873818124,1.25696494023174,1.81517030196971,1.20964389583545,1.55970928192125,1.56441064438057,1.86529350972981,1.71457508099944,1.6121434949395,1.62237941595837,1.86085241328033,1.31023401315801,1.62391147558759,1.902715518094,1.28484283913152,1.40173324216238,1.76236649358755,1.22416425087683,1.51168844313905
1.05772760326868,1.33745130772584,1.66981851946088,29.4558029609992,1.47295768487871,1.26402495068685,1.12562147999444,1.46139365223301,1.16396091839483,1.13289130718116,1.24515233665945,1.43837801853119,1.53534004582807,1.50211727735685,1.2535483205009,1.74498394166351,1.06182655881244,1.81795896488147,1.61027745092766,1.77640163981188,1.43010245935531,1.23265686642037,1.63725405262655,1.74033647251331,1.85656834200796,1.53996957025489,1.02517931117917,1.25830158370468
1.67788353873318,1.79532271753779,1.98843596781997,1.47295768487871,29.9402881129367,1.1532387445463,1.8581829149547,1.41324579734972,1.41726369523316,1.98380439494914,1.87463945004839,1.58122461409365,1.1166957021303,1.11979178624218,1.01960263215918,1.65203574795836,1.62190906359903,1.27315095266008,1.39701968915622,1.68373562287713,1.09110991754155,1.00729713961822,1.46013726222335,1.52121237689686,1.23995400603858,1.09739131484991,1.26154884941017,1.09652234758088
1.16627206940496,1.37448113242839,1.89993596817364,1.26402495068685,1.1532387445463,29.1248139581293,1.34207690243706,1.47635983558202,1.2780527026756,1.20025981692609,1.8896056333974,1.69531639837442,1.18406421140957,1.76424508298014,1.27654101200241,1.30075991353987,1.88403686922232,1.29614364416159,1.95279566149823,1.50594593282135,1.56929459728733,1.34981535018879,1.18968155523282,1.66040451482889,1.35711248980701,1.64981881745617,1.18161689126008,1.59706649584559
1.41201624665969,1.39517891099452,1.00726982718672,1.12562147999444,1.8581829149547,1.34207690243706,29.3242679658925,1.2659656243706,1.17322673330699,1.66634486832951,1.74232546041828,1.45127943644825,1.86660468525561,1.63193109335002,1.14659583435701,1.05066889619952,1.3961761758645,1.42313684635942,1.35142881020504,1.28021304462115,1.71928049052101,1.30422447123761,1.7861589774425,1.28857508734268,1.65403982189206,1.97584053267531,1.94897960217156,1.01115231123341
1.8295380858842,1.47320625580531,1.78375868489209,1.46139365223301,1.41324579734972,1.47635983558202,1.2659656243706,29.3036561353615,1.35022042614884,1.08170846480956,1.56962176019774,1.52344715945583,1.74805333313907,1.31194722015036,1.97472659590409,1.61465801792902,1.94387831350038,1.12132242979543,1.6653269145942,1.34005448889921,1.54445927615485,1.01675572433358,1.62026753352036,1.26373976667586,1.32098019557119,1.40642651096286,1.55231485401854,1.97502001746326
1.20848714057751,1.54075320183335,1.27441710013636,1.16396091839483,1.41726369523316,1.2780527026756,1.17322673330699,1.35022042614884,29.8961987872125,1.13823637419298,1.50930931908512,1.24641921289564,1.2199448394682,1.0789310788172,1.76986637235147,1.96799817260727,1.39087829896755,1.74459296825556,1.58265619053629,1.33475661200227,1.86591539805099,1.24798310466482,1.67481110090148,1.41037467420584,1.2647388289984,1.29507863395618,1.6741144408817,1.5857190245696
1.84845445624015,1.80719515765421,1.40244873818124,1.13289130718116,1.98380439494914,1.20025981692609,1.66634486832951,1.08170846480956,1.13823637419298,29.4724944562057,1.5652678835044,1.03750129325199,1.61073083086439,1.07457720212386,1.28392050614763,1.83067567033259,1.15350828094106,1.05378687803344,1.7986738424742,1.54438657990861,1.798379846289,1.38133003254483,1.87914319191088,1.66429524433999,1.62931313720965,1.5539542923467,1.07466991808017,1.89405196620806
1.85212145738868,1.30274434168951,1.25696494023174,1.24515233665945,1.87463945004839,1.8896056333974,1.74232546041828,1.56962176019774,1.50930931908512,1.5652678835044,29.0625521033362,1.72872390957955,1.19850329644908,1.62781998684063,1.76622520283154,1.80923412731347,1.70239718896448,1.05014570851351,1.6399097971804,1.85590546990554,1.10393258654696,1.43858363918894,1.40029204934849,1.90231243330162,1.81991367219943,1.27943524079371,1.56660767717595,1.44922680894343
1.29849250768241,1.74924034287652,1.81517030196971,1.43837801853119,1.58122461409365,1.69531639837442,1.45127943644825,1.52344715945583,1.24641921289564,1.03750129325199,1.72872390957955,29.4509812008827,1.5932796292907,1.13076511404047,1.17970510999658,1.79178292573978,1.7585851008811,1.94593031282813,1.6010170525876,1.46098228984558,1.99607602134164,1.24092684930234,1.31688775928546,1.10000860742294,1.67951048895694,1.71717980909961,1.00232104025889,1.49942416069071
1.10143629279986,1.65564961389436,1.20964389583545,1.53534004582807,1.1166957021303,1.18406421140957,1.86660468525561,1.74805333313907,1.2199448394682,1.61073083086439,1.19850329644908,1.5932796292907,29.6126583612583,1.03375688289933,1.42952050847445,1.20593799008333,1.1645219969398,1.60922561847103,1.99772091628877,1.92310709828656,1.5551559308335,1.59873796841071,1.38408938766648,1.55123195170948,1.83966481817871,1.70097714695194,1.65124055959808,1.51917530666998
1.99141153366836,1.15486579861253,1.55970928192125,1.50211727735685,1.11979178624218,1.76424508298014,1.63193109335002,1.31194722015036,1.0789310788172,1.07457720212386,1.62781998684063,1.13076511404047,1.03375688289933,29.9985087686211,1.35269899868998,1.11524956259655,1.0322656510548,1.78221950716442,1.32118755267988,1.19678764846026,1.39144512563545,1.318908468503,1.11989474628116,1.94660105646895,1.91764643737937,1.50398413394763,1.49783300817843,1.75731125509241
1.65035766812524,1.04773285009327,1.56441064438057,1.2535483205009,1.01960263215918,1.27654101200241,1.14659583435701,1.97472659590409,1.76986637235147,1.28392050614763,1.76622520283154,1.17970510999658,1.42952050847445,1.35269899868998,29.8956763362026,1.54246166094321,1.48929577762694,1.24837533442694,1.65771122353976,1.52156142868174,1.0305948411257,1.97889877621965,1.71834907714201,1.42203996676115,1.29780724472264,1.83824382342316,1.36864102323011,1.21545368163635
1.24444615340067,1.75708590669422,1.86529350972981,1.74498394166351,1.65203574795836,1.30075991353987,1.05066889619952,1.61465801792902,1.96799817260727,1.83067567033259,1.80923412731347,1.79178292573978,1.20593799008333,1.11524956259655,1.54246166094321,29.5307350040091,1.7919173728637,1.22386697084823,1.07319666448664,1.28121315002498,1.47224230527517,1.7309078880264,1.80277457870672,1.50283714640086,1.70980666378038,1.52112365584873,1.92487711362768,1.00761390803736
1.89558577299844,1.14627733228089,1.71457508099944,1.06182655881244,1.62190906359903,1.88403686922232,1.3961761758645,1.94387831350038,1.39087829896755,1.15350828094106,1.70239718896448,1.7585851008811,1.1645219969398,1.0322656510548,1.48929577762694,1.7919173728637,29.1381611433524,1.12428617390072,1.64888941107732,1.93007851621605,1.34815314474895,1.72208607556396,1.21129166577537,1.82039545002412,1.45299396312469,1.01406624448209,1.32323259595932,1.16280062643942
1.27651830775501,1.69809051868417,1.6121434949395,1.81795896488147,1.27315095266008,1.29614364416159,1.42313684635942,1.12132242979543,1.74459296825556,1.05378687803344,1.05014570851351,1.94593031282813,1.60922561847103,1.78221950716442,1.24837533442694,1.22386697084823,1.12428617390072,29.819915762553,1.00947390450606,1.84607423322558,1.94420193645367,1.65836331558338,1.77615274897597,1.29235508073697,1.38044939068167,1.98744441521701,1.11275053029542,1.83344335380636
1.77628970694555,1.00153205962923,1.62237941595837,1.61027745092766,1.39701968915622,1.95279566149823,1.35142881020504,1.6653269145942,1.58265619053629,1.7986738424742,1.6399097971804,1.6010170525876,1.99772091628877,1.32118755267988,1.65771122353976,1.07319666448664,1.64888941107732,1.00947390450606,29.0276973741258,1.38329587056455,1.02758995025772,1.03717127909752,1.22937010332447,1.9717918867114,1.6955345946809,1.00552285183478,1.2641469669827,1.07598398536257
1.81778787114554,1.04186310481367,1.86085241328033,1.77640163981188,1.68373562287713,1.50594593282135,1.28021304462115,1.34005448889921,1.33475661200227,1.54438657990861,1.85590546990554,1.46098228984558,1.92310709828656,1.19678764846026,1.52156142868174,1.28121315002498,1.93007851621605,1.84607423322558,1.38329587056455,29.1299180868687,1.17345391734198,1.02627066896589,1.51321395743322,1.20104386759971,1.06344194806341,1.74258406075769,1.17283575384544,1.75897654274431
1.96471258623745,1.97460882643918,1.31023401315801,1.43010245935531,1.09110991754155,1.56929459728733,1.71928049052101,1.54445927615485,1.86591539805099,1.798379846289,1.10393258654696,1.99607602134164,1.5551559308335,1.39144512563545,1.0305948411257,1.47224230527517,1.34815314474895,1.94420193645367,1.02758995025772,1.17345391734198,29.1025649887056,1.07978290369724,1.08091666646344,1.27601890604758,1.10605357266313,1.59413062389667,1.47706277411294,1.16949552072654
1.33213343440189,1.77782176657478,1.62391147558759,1.23265686642037,1.00729713961822,1.34981535018879,1.30422447123761,1.01675572433358,1.24798310466482,1.38133003254483,1.43858363918894,1.24092684930234,1.59873796841071,1.318908468503,1.97889877621965,1.7309078880264,1.72208607556396,1.65836331558338,1.03717127909752,1.02627066896589,1.07978290369724,29.3575692863006,1.94514690243879,1.47447840751823,1.43735218999784,1.02606356843657,1.75049731356581,1.54340576266097
1.47802642149759,1.85965097595921,1.902715518094,1.63725405262655,1.46013726222335,1.18968155523282,1.7861589774425,1.62026753352036,1.67481110090148,1.87914319191088,1.40029204934849,1.31688775928546,1.38408938766648,1.11989474628116,1.71834907714201,1.80277457870672,1.21129166577537,1.77615274897597,1.22937010332447,1.51321395743322,1.08091666646344,1.94514690243879,29.5357136179394,1.55781628310579,1.94852705157759,1.48086051991249,1.03229469015836,1.38587924157543
1.52745888732721,1.93932141221097,1.28484283913152,1.74033647251331,1.52121237689686,1.66040451482889,1.28857508734268,1.26373976667586,1.41037467420584,1.66429524433999,1.90231243330162,1.10000860742294,1.55123195170948,1.94660105646895,1.42203996676115,1.50283714640086,1.82039545002412,1.29235508073697,1.9717918867114,1.20104386759971,1.27601890604758,1.47447840751823,1.55781628310579,29.8081755776928,1.58526646140277,1.23103470040068,1.36599186033289,1.5337935125147
1.76160507405252,1.10995520097667,1.40173324216238,1.85656834200796,1.23995400603858,1.35711248980701,1.65403982189206,1.32098019557119,1.2647388289984,1.62931313720965,1.81991367219943,1.67951048895694,1.83966481817871,1.91764643737937,1.29780724472264,1.70980666378038,1.45299396312469,1.38044939068167,1.6955345946809,1.06344194806341,1.10605357266313,1.43735218999784,1.94852705157759,1.58526646140277,29.6455835637849,1.60759623283874,1.16600751651731,1.23085002472198
1.01808167342939,1.33767739699114,1.76236649358755,1.53996957025489,1.09739131484991,1.64981881745617,1.97584053267531,1.40642651096286,1.29507863395618,1.5539542923467,1.27943524079371,1.71717980909961,1.70097714695194,1.50398413394763,1.83824382342316,1.52112365584873,1.01406624448209,1.98744441521701,1.00552285183478,1.74258406075769,1.59413062389667,1.02606356843657,1.48086051991249,1.23103470040068,1.60759623283874,29.6328667400558,1.41964340788296,1.91849911255692
1.31523283585684,1.46678029907252,1.22416425087683,1.02517931117917,1.26154884941017,1.18161689126008,1.94897960217156,1.55231485401854,1.6741144408817,1.07466991808017,1.56660767717595,1.00232104025889,1.65124055959808,1.49783300817843,1.36864102323011,1.92487711362768,1.32323259595932,1.11275053029542,1.2641469669827,1.17283575384544,1.47706277411294,1.75049731356581,1.03229469015836,1.36599186033289,1.16600751651731,1.41964340788296,29.6053776171083,1.70509918951667
1.00921595795509,1.87156027502919,1.51168844313905,1.25830158370468,1.09652234758088,1.59706649584559,1.01115231123341,1.97502001746326,1.5857190245696,1.89405196620806,1.44922680894343,1.49942416069071,1.51917530666998,1.75731125509241,1.21545368163635,1.00761390803736,1.16280062643942,1.83344335380636,1.07598398536257,1.75897654274431,1.16949552072654,1.54340576266097,1.38587924157543,1.5337935125147,1.23085002472198,1.91849911255692,1.70509918951667,29.7981718065209
