53.5484914912602,1.90647048172842,1.23523796872945,1.1306852033039,1.00434788642654,1.67247156783588,1.35033134713319,1.95267551343547,1.58053819210294,1.46450863474259,1.00501404516632,1.00983705418642,1.2251548279194,1.87186709133529,1.57773355561203,1.68503794571619,1.46256998016619,1.12285275064542,1.11745419498414,1.43398488565999,1.34737469318666,1.05140843943293,1.19834722354931,1.08109578354335,1.0746668540289,1.75820821605539,1.62801035615989,1.99975591059763,1.32497558385365,1.06159107902161,1.16715212732887,1.87346707511389,1.96806156075004,1.40239009605832,1.00415227795213,1.97240944717657,1.0748616638942,1.35448362555098,1.92508496061204,1.65539985599713,1.81899226029357,1.93009900577837,1.66523691018356,1.0441470877473,1.801966096648,1.24297046532993,1.72918503392915,1.26453607681419,1.36582321597534,1.8466392289133,1.69852096247418,1.71319790916201
1.90647048172842,53.8968681864892,1.79429369270536,1.97271452237513,1.65507640207888,1.42230404839958,1.97247043250709,1.98005198593254,1.4838951274212,1.1396225593703,1.85351906058077,1.45195668817123,1.54201265589428,1.8576713385329,1.42436613488214,1.61687431978848,1.21215496361822,1.34945109502852,1.27227417531995,1.03114722344612,1.27955010034123,1.93751108550351,1.07529431165908,1.08151619698923,1.18048155036777,1.80447934558824,1.34605227380341,1.54630476634312,1.65111857403587,1.04457323581193,1.25950267503946,1.54916624191644,1.94144142230108,1.05379636727916,1.52188076382591,1.59651782391431,1.4761004161444,1.494351196333,1.57656980938118,1.9599955435656,1.6339737557033,1.43008886949629,1.41195223127117,1.17598641113191,1.28776020802919,1.83631836661898,1.79286073092039,1.4999151716474,1.18576946118184,1.06513490577467,1.53106239555919,1.46531956198873
1.23523796872945,1.79429369270536,53.546835758978,1.18312754118029,1.41083605234084,1.89288803278137,1.72943230752341,1.06195462591106,1.93746126859331,1.98893498256287,1.6111208678275,1.87890269089439,1.04273134984203,1.13300163118774,1.47542051434304,1.51883176598643,1.62735282752074,1.05199032372422,1.47882730908637,1.26132658322404,1.48207919322051,1.8907795408232,1.43731299435595,1.7698394012497,1.72709790697652,1.23017372527633,1.2697545728971,1.91286736815836,1.29530863105101,1.80081696845629,1.37818692968143,1.29795462232919,1.4071736752089,1.92502268865938,1.48108216350949,1.81800972754974,1.8179107209751,1.2105144710329,1.8799643534608,1.7553719895684,1.19944945313011,1.49108522082264,1.63427467999713,1.24218080297214,1.62408685201038,1.10969519387451,1.76101256895858,1.25143967953112,1.16168551759873,1.23983987804495,1.51276626275515,1.6437647112849
1.1306852033039,1.97271452237513,1.18312754118029,53.857717325379,1.18025298192178,1.68335868496604,1.7705846930717,1.47556161343845,1.48417565295667,1.14877162275313,1.77351623576764,1.89134932816557,1.07379431094685,1.25459839881146,1.70935905524965,1.89170503238761,1.46511286984436,1.58932340824479,1.64707702149035,1.66456232344013,1.08040862860177,1.28135170102182,1.90674312641227,1.70449548107781,1.39104689489633,1.66775569537084,1.95593516060893,1.55273241296072,1.90759557341579,1.46870142289843,1.19649712377996,1.03821499135262,1.41878067954387,1.6101012358489,1.89593231673163,1.5990336619313,1.29345992081494,1.66651700933767,1.07459527490409,1.77763557377161,1.8152886320908,1.84811151067173,1.66898490193718,1.88908294350332,1.10270990901753,1.37834395672118,1.78078797542527,1.56782277932755,1.96766736543163,1.42786499644996,1.23238510230202,1.04807599356774
1.00434788642654,1.65507640207888,1.41083605234084,1.18025298192178,53.8068839236195,1.70850663478882,1.65299600486317,1.7144794965696,1.17720805722159,1.84949312864314,1.75269448792222,1.59598873723112,1.45959436449203,1.64862680418819,1.19502239869676,1.75305428530697,1.31514381352586,1.26961767360085,1.53068985861293,1.130432445151,1.11772918380691,1.19967476008445,1.01951538818866,1.22043909282444,1.57801871727128,1.80030336361393,1.78826187215199,1.54568608223725,1.22816835959822,1.02064697398834,1.59376207580499,1.93738505707001,1.15977520270263,1.34633355045055,1.03764864897246,1.96665912632209,1.05484018477371,1.69064465383563,1.68113862289169,1.23204824246096,1.54013778247877,1.43383311034824,1.82803697969207,1.9997321469708,1.08245991453643,1.02305937792317,1.75278643181212,1.39760372806229,1.29267705152402,1.28347628995938,1.52803617321329,1.41040623533093
1.67247156783588,1.42230404839958,1.89288803278137,1.68335868496604,1.70850663478882,53.4191072003074,1.60685584955237,1.57602328507976,1.4397541742957,1.2006179248917,1.5134083416841,1.59952937699832,1.54695147534225,1.55105699065656,1.56618850332042,1.60179166058162,1.2417016444922,1.24732712574644,1.83383990304258,1.78183942697097,1.68116023609469,1.66187688226899,1.78157157347611,1.76362015063112,1.68493626019216,1.53435800482256,1.16122387822774,1.97761331171618,1.81783429478194,1.6892600519067,1.38801954658144,1.30098534482577,1.23681161330864,1.01886487427115,1.36215511214088,1.58466653832452,1.4379720745785,1.96901096169325,1.16068982293861,1.87772624933986,1.16962888658495,1.67409816508838,1.47725562587253,1.7165803619272,1.22515515527928,1.04344412872728,1.31837202204316,1.46685679977148,1.29077125447373,1.15221192462007,1.24869622627678,1.97193149103407
1.35033134713319,1.97247043250709,1.72943230752341,1.7705846930717,1.65299600486317,1.60685584955237,53.4766383778661,1.38246009889173,1.58603557133397,1.86465792444751,1.6834454437175,1.82284718464261,1.88352279918432,1.04560055585839,1.40751372250147,1.32149487329717,1.01461151708598,1.56820354590574,1.19922112217137,1.18424040367093,1.24230171052846,1.67647674850955,1.90082076606379,1.46745686580774,1.71992087723684,1.21919278764128,1.93431366604488,1.01069213171056,1.37140471272702,1.183009891856,1.98262362274463,1.18549351915042,1.21327769160889,1.7181752634785,1.68451858623164,1.77790349571868,1.61495078290578,1.16115696363205,1.16036359414475,1.20098635377408,1.02581488807956,1.84380903832792,1.02383353795103,1.90933768726389,1.88940959418631,1.43134726091816,1.23083256009539,1.90402111127229,1.99955080682391,1.43005368273242,1.08826151494321,1.24185251688671
1.95267551343547,1.98005198593254,1.06195462591106,1.47556161343845,1.7144794965696,1.57602328507976,1.38246009889173,53.5796797809096,1.82663294059533,1.81976706200268,1.76517330052572,1.03991063173856,1.53794232548119,1.4496918862917,1.81781412745724,1.1528931079213,1.61084884992375,1.97817772206766,1.35387946216105,1.63666373800331,1.82198675992991,1.37771300011208,1.54600142480154,1.71139635365056,1.80906026103024,1.77683398536259,1.61541746445718,1.80861106738849,1.20688766762935,1.7036789794004,1.05046358380954,1.31341809840566,1.69276125994174,1.75977296696965,1.13986940595315,1.90103632859003,1.40339601477766,1.97701284614253,1.48071610903401,1.23002895490733,1.79677990767955,1.24588940909407,1.2699395866459,1.33472223269507,1.69558129538576,1.08775371410314,1.48761534108204,1.30643014530951,1.06593143570513,1.84149480324308,1.94309388331282,1.88791819563504
1.58053819210294,1.4838951274212,1.93746126859331,1.48417565295667,1.17720805722159,1.4397541742957,1.58603557133397,1.82663294059533,53.9184109926775,1.88734271558344,1.7862350590463,1.61117225215359,1.64711568208743,1.92610446499945,1.51220858027796,1.05051169639943,1.90311731067631,1.99292468977763,1.28054065177242,1.69989721835586,1.23881409840603,1.55048023841832,1.03461945058527,1.93439539425745,1.63823395252146,1.52223479166731,1.2408255391013,1.70416538822659,1.36372959444473,1.18391942194846,1.59208358339597,1.58293739779989,1.67301473006281,1.19139813175024,1.61120546171963,1.93894402307409,1.40613014502736,1.44808459256221,1.41176098324906,1.32454113723922,1.33542730767998,1.1979960418297,1.93571338939281,1.98254298976741,1.12410050682914,1.44792196967077,1.03305468616684,1.0272178170398,1.44084665898273,1.31359533793926,1.72711503539566,1.67966075738876
1.46450863474259,1.1396225593703,1.98893498256287,1.14877162275313,1.84949312864314,1.2006179248917,1.86465792444751,1.81976706200268,1.88734271558344,53.7985585005016,1.23063626989286,1.71181584229312,1.98995663225183,1.8418417316125,1.65075986536721,1.39608677681353,1.28992632370904,1.06252084815061,1.72062791405275,1.62535363185469,1.26051689044596,1.65634130344556,1.60789662115644,1.38461739727511,1.10426327265066,1.64095130732327,1.41183521431491,1.54510993163339,1.95454664526253,1.13895024971056,1.22477068855649,1.81862222162011,1.90068473615716,1.83882684020271,1.32093175003348,1.18465401333973,1.6937085300189,1.52740666667344,1.83235288589837,1.73250964224921,1.32596516670937,1.06298915532557,1.44432548454233,1.3159217989612,1.90483088693806,1.09508534944387,1.71200857577473,1.19475721064711,1.15760619759448,1.43263648982748,1.8201108425018,1.41812308804045
1.00501404516632,1.85351906058077,1.6111208678275,1.77351623576764,1.75269448792222,1.5134083416841,1.6834454437175,1.76517330052572,1.7862350590463,1.23063626989286,53.8421276369328,1.25421068503252,1.80194852538498,1.16305938650065,1.43886469837225,1.49565705540388,1.69046605363976,1.27121758427062,1.22816669718743,1.01643121988346,1.33420673959619,1.67249218172975,1.33235301884466,1.23903762653425,1.76757753117363,1.0443615946194,1.43379483718136,1.92518372923377,1.47699808444688,1.2539056792175,1.34330681680856,1.56597587725426,1.68191314241007,1.14604730212411,1.7592169427123,1.75087191292591,1.36062300175457,1.49756793933807,1.77437732870429,1.7141489510956,1.46068962452034,1.61650496517145,1.96835963612812,1.26263814990532,1.77956435213777,1.40722433403471,1.75829520530919,1.47003040531186,1.67844191830533,1.98646190249662,1.48646162519532,1.01264865790151
1.00983705418642,1.45195668817123,1.87890269089439,1.89134932816557,1.59598873723112,1.59952937699832,1.82284718464261,1.03991063173856,1.61117225215359,1.71181584229312,1.25421068503252,53.621299942779,1.84106946310078,1.66536714260716,1.37217185570494,1.2016924643897,1.16293508147958,1.14654918394356,1.91584141548529,1.62362470599991,1.76305414911502,1.88420105114775,1.88626285590523,1.54261850078712,1.29142538471679,1.64455806074876,1.01264890563332,1.96986730348778,1.63101996324538,1.4991105312943,1.9825159613893,1.2899740470061,1.31792517533429,1.2342022453594,1.71650566194044,1.18110141399368,1.91968336697653,1.06822100564289,1.52127573709994,1.85907016734549,1.76324316661956,1.42742593699481,1.48037010965886,1.60431262925468,1.09279307913631,1.8525419653638,1.80600509364438,1.25572816061588,1.99909114930736,1.72184650866401,1.8793528666158,1.76214529842238
1.2251548279194,1.54201265589428,1.04273134984203,1.07379431094685,1.45959436449203,1.54695147534225,1.88352279918432,1.53794232548119,1.64711568208743,1.98995663225183,1.80194852538498,1.84106946310078,53.0840584529024,1.04767345453038,1.31554982499944,1.00374181941326,1.11589446017327,1.83682556209938,1.86281198675875,1.87913762679283,1.26425149862852,1.34318209641761,1.48345025558185,1.35704457776483,1.19572406131575,1.28945534876057,1.61277273838072,1.19481521062311,1.01130185695891,1.49212560453085,1.9569605090455,1.61734941630501,1.25774132658622,1.26172430732368,1.51482235990224,1.66791510985601,1.5791370121665,1.38216260698725,1.70910885543987,1.39566024783797,1.23201881453023,1.04027664802981,1.53010865884372,1.31607726789828,1.0879501025602,1.84565848384316,1.31981908731154,1.20384456273347,1.68248404547688,1.18263107407029,1.08298218906065,1.9467355441054
1.87186709133529,1.8576713385329,1.13300163118774,1.25459839881146,1.64862680418819,1.55105699065656,1.04560055585839,1.4496918862917,1.92610446499945,1.8418417316125,1.16305938650065,1.66536714260716,1.04767345453038,53.9993614261036,1.33433490029272,1.71417427049678,1.38152403262515,1.04344375573259,1.10983451833475,1.61354284762104,1.0837204037624,1.63994317717848,1.92962011551932,1.1716705063226,1.48560166102164,1.2494392023652,1.37551506905608,1.16808570603285,1.4320702764355,1.45849725811672,1.11482125013826,1.9578834469234,1.02492970229356,1.41860137154283,1.67942067872706,1.88081749569663,1.33515423132812,1.59577312068817,1.74800714559295,1.74383269564427,1.46908607169478,1.23254621132861,1.41025248608098,1.60412333002506,1.23190763696651,1.74458738683937,1.31829760005618,1.61343167005732,1.78803114257196,1.42813211839093,1.2269745172127,1.87175154633436
1.57773355561203,1.42436613488214,1.47542051434304,1.70935905524965,1.19502239869676,1.56618850332042,1.40751372250147,1.81781412745724,1.51220858027796,1.65075986536721,1.43886469837225,1.37217185570494,1.31554982499944,1.33433490029272,53.7831815768886,1.59033951563311,1.07118135694004,1.53118872201591,1.33417221081172,1.54026742863481,1.76373493334452,1.7444246968927,1.14439075819421,1.99564257031104,1.4890120832664,1.46268835825039,1.6090742399027,1.2770432253727,1.89082047710699,1.8360487571154,1.14879477124139,1.9588957726764,1.99264338938177,1.1922168234327,1.51257272880179,1.39867722401334,1.61115394468007,1.23433539096002,1.23678133508041,1.48858832357851,1.07091930372218,1.03276889260522,1.39095240477051,1.32610458802716,1.50817712932275,1.17413398119348,1.91644410366027,1.57935848626278,1.70532270320939,1.25061631400632,1.11962591443193,1.46905763608825
1.68503794571619,1.61687431978848,1.51883176598643,1.89170503238761,1.75305428530697,1.60179166058162,1.32149487329717,1.1528931079213,1.05051169639943,1.39608677681353,1.49565705540388,1.2016924643897,1.00374181941326,1.71417427049678,1.59033951563311,53.7132618593579,1.32332939949042,1.53792515096158,1.2018501824708,1.39424870321259,1.57069404403246,1.59280258770697,1.72035329123975,1.07887117288954,1.76693656890045,1.63679739443436,1.65822965915232,1.47225927210984,1.88741370844069,1.77785557358426,1.94131690819809,1.88245471887405,1.04187224574474,1.40601711413172,1.36650781257381,1.76857727662128,1.47979156043371,1.12760413211193,1.38610278413915,1.38961476338544,1.03749522289145,1.96252406386776,1.29208135525327,1.13960313710366,1.05151807193249,1.59322517160011,1.8528649964616,1.37484747142291,1.13115032209603,1.0547151789324,1.7690961746355,1.70184436612848
1.46256998016619,1.21215496361822,1.62735282752074,1.46511286984436,1.31514381352586,1.2417016444922,1.01461151708598,1.61084884992375,1.90311731067631,1.28992632370904,1.69046605363976,1.16293508147958,1.11589446017327,1.38152403262515,1.07118135694004,1.32332939949042,53.3902272309131,1.41335307732846,1.10345395240162,1.42772245380456,1.37587714073056,1.39553530812056,1.56732559090821,1.42739521266306,1.98876047972066,1.42019058736981,1.80224268408597,1.11991080135103,1.47490576630221,1.57133885825581,1.82175516794517,1.12242353247591,1.06078832319974,1.60247070649754,1.53687786755007,1.18703518257804,1.04141590420223,1.42359147473406,1.20069574993136,1.25821667502551,1.25162198965048,1.09681103615873,1.5168896920592,1.48566961869861,1.35943413495991,1.54413998524851,1.19950880818046,1.74966136587302,1.95749306257697,1.30296276058208,1.17738381921192,1.33337020284188
1.12285275064542,1.34945109502852,1.05199032372422,1.58932340824479,1.26961767360085,1.24732712574644,1.56820354590574,1.97817772206766,1.99292468977763,1.06252084815061,1.27121758427062,1.14654918394356,1.83682556209938,1.04344375573259,1.53118872201591,1.53792515096158,1.41335307732846,53.5828662140215,1.53102780297912,1.97432062773701,1.67967725018024,1.04791749457266,1.45999024596996,1.03911138467449,1.59205747982117,1.65949905415042,1.78877275054752,1.54955054193249,1.96246181519817,1.96615656975943,1.88292074477436,1.66095988343515,1.71086597987957,1.64368616027929,1.34821843139279,1.87576597690385,1.20669425987019,1.15538778070146,1.51557174023035,1.3410412177169,1.7843122979553,1.27780103556709,1.53617649876335,1.01570752077536,1.57690819891957,1.9183469628535,1.28851864872897,1.29960683654044,1.50121317687501,1.81954645170809,1.27392746381179,1.18089042658959
1.11745419498414,1.27227417531995,1.47882730908637,1.64707702149035,1.53068985861293,1.83383990304258,1.19922112217137,1.35387946216105,1.28054065177242,1.72062791405275,1.22816669718743,1.91584141548529,1.86281198675875,1.10983451833475,1.33417221081172,1.2018501824708,1.10345395240162,1.53102780297912,53.0834143492782,1.30475697168371,1.35493586368623,1.61959084804151,1.32046449245907,1.9318440626058,1.537937810895,1.60898314118804,1.23145089914624,1.03915098730435,1.42852959243047,1.50537836295803,1.22004141389394,1.29599353824556,1.23929607273978,1.44004322562369,1.75551496388182,1.63271283713761,1.44881778790095,1.7645869309849,1.98859141580229,1.42374891947198,1.65657964286235,1.00542987743645,1.10954603045692,1.19225851455343,1.37048677092906,1.67110911834571,1.93463164658036,1.89093144512313,1.74824394646485,1.01804599539286,1.19568841634117,1.10317980968541
1.43398488565999,1.03114722344612,1.26132658322404,1.66456232344013,1.130432445151,1.78183942697097,1.18424040367093,1.63666373800331,1.69989721835586,1.62535363185469,1.01643121988346,1.62362470599991,1.87913762679283,1.61354284762104,1.54026742863481,1.39424870321259,1.42772245380456,1.97432062773701,1.30475697168371,53.0263407179277,1.63788333704597,1.85692301851554,1.21859923248114,1.00837010797503,1.52803213686125,1.15323087859584,1.89930155309816,1.27627608286043,1.17127687398869,1.09498996943933,1.37945589254585,1.80891371788872,1.61114287870524,1.4144797643714,1.98448837175243,1.73627892869351,1.68095453580886,1.19921401292049,1.28994457111226,1.45280766973868,1.63398106844815,1.13960375224222,1.46395687640829,1.50879134913385,1.74477789725399,1.10781892021551,1.83241941818614,1.11453897231935,1.74027237982502,1.5797964057791,1.14087969071273,1.37815571640532
1.34737469318666,1.27955010034123,1.48207919322051,1.08040862860177,1.11772918380691,1.68116023609469,1.24230171052846,1.82198675992991,1.23881409840603,1.26051689044596,1.33420673959619,1.76305414911502,1.26425149862852,1.0837204037624,1.76373493334452,1.57069404403246,1.37587714073056,1.67967725018024,1.35493586368623,1.63788333704597,53.1577874772054,1.63268238195809,1.81937519545638,1.9025653744594,1.74050130217359,1.65179461317686,1.0171043463131,1.48077368153295,1.23159101895596,1.15798403702582,1.85892939793827,1.66831044325061,1.51746296068535,1.24545522231863,1.63306200394084,1.03017276247506,1.53128259979714,1.8740896474915,1.71415943871912,1.91209994671498,1.49457318312236,1.20705983238623,1.90406017187241,1.52953648312461,1.68444859780578,1.63229932525768,1.24545431893573,1.36105137568016,1.65048305022087,1.41417982401987,1.67163522200269,1.80827052742628
1.05140843943293,1.93751108550351,1.8907795408232,1.28135170102182,1.19967476008445,1.66187688226899,1.67647674850955,1.37771300011208,1.55048023841832,1.65634130344556,1.67249218172975,1.88420105114775,1.34318209641761,1.63994317717848,1.7444246968927,1.59280258770697,1.39553530812056,1.04791749457266,1.61959084804151,1.85692301851554,1.63268238195809,53.7199645264633,1.57396780865917,1.03922787636483,1.3522638512553,1.8194221275949,1.40027925204499,1.00274690147617,1.23360195161477,1.07191447358202,1.81101742890245,1.28046415712706,1.56292489057543,1.52185333032247,1.06782766481295,1.7057299207457,1.24979357805559,1.33596485356612,1.08012596940628,1.13571786281453,1.46303144025758,1.12283246131746,1.53910510872449,1.83555324926765,1.79860095716948,1.97266511664384,1.73935765760921,1.34845909958168,1.12038456281665,1.55526201220009,1.39289042511624,1.47516384184135
1.19834722354931,1.07529431165908,1.43731299435595,1.90674312641227,1.01951538818866,1.78157157347611,1.90082076606379,1.54600142480154,1.03461945058527,1.60789662115644,1.33235301884466,1.88626285590523,1.48345025558185,1.92962011551932,1.14439075819421,1.72035329123975,1.56732559090821,1.45999024596996,1.32046449245907,1.21859923248114,1.81937519545638,1.57396780865917,53.0027236775508,1.25679964304753,1.8603897159269,1.74208133562565,1.60525874262921,1.98077427920921,1.29734334736007,1.9981491682111,1.45593812058491,1.57256988602344,1.96500740198652,1.97032983925675,1.20006027547645,1.75128776289117,1.88500080904225,1.8302975668713,1.77117007587625,1.87158625287543,1.27155228623727,1.07151654552273,1.42109658681839,1.23466033639138,1.43969068044782,1.67633684150704,1.44756196413541,1.14382966847337,1.01170306560197,1.79618145515964,1.31100009722216,1.46990175194568
1.08109578354335,1.08151619698923,1.7698394012497,1.70449548107781,1.22043909282444,1.76362015063112,1.46745686580774,1.71139635365056,1.93439539425745,1.38461739727511,1.23903762653425,1.54261850078712,1.35704457776483,1.1716705063226,1.99564257031104,1.07887117288954,1.42739521266306,1.03911138467449,1.9318440626058,1.00837010797503,1.9025653744594,1.03922787636483,1.25679964304753,53.3287817706954,1.80535849780094,1.90985077242826,1.47261143916874,1.81706156386857,1.7060322275879,1.78361153685656,1.28696331534859,1.38993828156494,1.0973353116295,1.01366470987614,1.93423405193455,1.15314042202809,1.34562484703289,1.45930410058205,1.50628887978675,1.67573415240074,1.44031227028012,1.43200722356886,1.97085085882379,1.39165027830361,1.55778584236176,1.01725532767235,1.22798909536935,1.51386202802596,1.83482987286282,1.93591416531052,1.74149049992742,1.72392096311037
1.0746668540289,1.18048155036777,1.72709790697652,1.39104689489633,1.57801871727128,1.68493626019216,1.71992087723684,1.80906026103024,1.63823395252146,1.10426327265066,1.76757753117363,1.29142538471679,1.19572406131575,1.48560166102164,1.4890120832664,1.76693656890045,1.98876047972066,1.59205747982117,1.537937810895,1.52803213686125,1.74050130217359,1.3522638512553,1.8603897159269,1.80535849780094,53.9974490934971,1.66309038533973,1.56934541630063,1.83227896635992,1.59900455018459,1.31083591576239,1.55619992900463,1.66394037178901,1.514615223517,1.60890266281036,1.53423469072871,1.6282453032342,1.13421683531917,1.22159057307131,1.4479076105393,1.44314254468453,1.19590977076251,1.65750819940935,1.8494035656794,1.18389367832984,1.80134283974829,1.40880500823669,1.51750243293005,1.40448158066928,1.47449533058074,1.52684533993101,1.4479325918704,1.97219287695931
1.75820821605539,1.80447934558824,1.23017372527633,1.66775569537084,1.80030336361393,1.53435800482256,1.21919278764128,1.77683398536259,1.52223479166731,1.64095130732327,1.0443615946194,1.64455806074876,1.28945534876057,1.2494392023652,1.46268835825039,1.63679739443436,1.42019058736981,1.65949905415042,1.60898314118804,1.15323087859584,1.65179461317686,1.8194221275949,1.74208133562565,1.90985077242826,1.66309038533973,53.4622003335795,1.36195835255178,1.8119330396,1.98904567351055,1.80989094488783,1.78412591609365,1.49608477833498,1.69292482626295,1.81180218086196,1.00057297619086,1.23904909251213,1.40882386146524,1.33734014087233,1.38417790894591,1.31668145783091,1.23030723409276,1.1932470971687,1.73915427771358,1.73217699012355,1.53655097565453,1.78987240083044,1.36826358100784,1.10144542721167,1.28849813355529,1.44749271657667,1.86224964953132,1.44463206615515
1.62801035615989,1.34605227380341,1.2697545728971,1.95593516060893,1.78826187215199,1.16122387822774,1.93431366604488,1.61541746445718,1.2408255391013,1.41183521431491,1.43379483718136,1.01264890563332,1.61277273838072,1.37551506905608,1.6090742399027,1.65822965915232,1.80224268408597,1.78877275054752,1.23145089914624,1.89930155309816,1.0171043463131,1.40027925204499,1.60525874262921,1.47261143916874,1.56934541630063,1.36195835255178,53.7213534623018,1.66445439339823,1.87043197260724,1.58360311183315,1.10908645908771,1.24655738950081,1.3905506615483,1.51119529712535,1.9601205158793,1.65969854484298,1.27526248771477,1.48561668139213,1.91789210118255,1.84922062272635,1.7952387629986,1.67217043539145,1.11610358353523,1.91666302500137,1.4270217457912,1.62203563685624,1.44691114846939,1.51921319752895,1.51214559912316,1.29384073023398,1.84171188289379,1.59550265855878
1.99975591059763,1.54630476634312,1.91286736815836,1.55273241296072,1.54568608223725,1.97761331171618,1.01069213171056,1.80861106738849,1.70416538822659,1.54510993163339,1.92518372923377,1.96986730348778,1.19481521062311,1.16808570603285,1.2770432253727,1.47225927210984,1.11991080135103,1.54955054193249,1.03915098730435,1.27627608286043,1.48077368153295,1.00274690147617,1.98077427920921,1.81706156386857,1.83227896635992,1.8119330396,1.66445439339823,53.9153849286565,1.33470703909858,1.94862583510048,1.51088758674957,1.21463162834506,1.845013393017,1.7262982803985,1.47051247743448,1.1643402069641,1.66306243634925,1.39084771945646,1.35409899351844,1.18342970320183,1.42026942103182,1.79041516957358,1.09434763206837,1.9608864201982,1.18685186104237,1.66496410531223,1.77676590614802,1.06890523390328,1.15347267927298,1.44186601482419,1.74619736976279,1.31415168815951
1.32497558385365,1.65111857403587,1.29530863105101,1.90759557341579,1.22816835959822,1.81783429478194,1.37140471272702,1.20688766762935,1.36372959444473,1.95454664526253,1.47699808444688,1.63101996324538,1.01130185695891,1.4320702764355,1.89082047710699,1.88741370844069,1.47490576630221,1.96246181519817,1.42852959243047,1.17127687398869,1.23159101895596,1.23360195161477,1.29734334736007,1.7060322275879,1.59900455018459,1.98904567351055,1.87043197260724,1.33470703909858,53.3915054646281,1.11321445746031,1.85230807580627,1.61457517166369,1.45336698761832,1.75416051910918,1.24088420776691,1.83438582664094,1.76292691415312,1.78257817252659,1.55011170429648,1.72031914429754,1.83515972403584,1.48046921029709,1.52272476745896,1.61403955547793,1.88133919373217,1.48947059711882,1.05598182280361,1.67305689662372,1.81031542076278,1.68135379379678,1.88504402054709,1.92157541351466
1.06159107902161,1.04457323581193,1.80081696845629,1.46870142289843,1.02064697398834,1.6892600519067,1.183009891856,1.7036789794004,1.18391942194846,1.13895024971056,1.2539056792175,1.4991105312943,1.49212560453085,1.45849725811672,1.8360487571154,1.77785557358426,1.57133885825581,1.96615656975943,1.50537836295803,1.09498996943933,1.15798403702582,1.07191447358202,1.9981491682111,1.78361153685656,1.31083591576239,1.80989094488783,1.58360311183315,1.94862583510048,1.11321445746031,53.4576926512912,1.1577143427719,1.62470832170207,1.51561021502857,1.37740160961514,1.41046542646851,1.52316722856982,1.96410596508724,1.7343789188817,1.92222970627352,1.66402477755399,1.91060048710117,1.93586735564092,1.81731057763906,1.8409825734985,1.19038921277523,1.80498220436507,1.53429157404895,1.22748924243613,1.34276553538757,1.94791971936259,1.09974899566721,1.36101807670715
1.16715212732887,1.25950267503946,1.37818692968143,1.19649712377996,1.59376207580499,1.38801954658144,1.98262362274463,1.05046358380954,1.59208358339597,1.22477068855649,1.34330681680856,1.9825159613893,1.9569605090455,1.11482125013826,1.14879477124139,1.94131690819809,1.82175516794517,1.88292074477436,1.22004141389394,1.37945589254585,1.85892939793827,1.81101742890245,1.45593812058491,1.28696331534859,1.55619992900463,1.78412591609365,1.10908645908771,1.51088758674957,1.85230807580627,1.1577143427719,53.035558157617,1.23958401113729,1.29150135363056,1.29616796891027,1.54968015176695,1.41983078905373,1.12942641141332,1.09591522118818,1.77179514932064,1.42037750567327,1.79986463431263,1.74846783128961,1.22693881449613,1.88121565658656,1.13560593972709,1.5566673518888,1.92667264348207,1.25712296704628,1.80862559508934,1.6361544074659,1.28924048100097,1.99645119393079
1.87346707511389,1.54916624191644,1.29795462232919,1.03821499135262,1.93738505707001,1.30098534482577,1.18549351915042,1.31341809840566,1.58293739779989,1.81862222162011,1.56597587725426,1.2899740470061,1.61734941630501,1.9578834469234,1.9588957726764,1.88245471887405,1.12242353247591,1.66095988343515,1.29599353824556,1.80891371788872,1.66831044325061,1.28046415712706,1.57256988602344,1.38993828156494,1.66394037178901,1.49608477833498,1.24655738950081,1.21463162834506,1.61457517166369,1.62470832170207,1.23958401113729,53.2170770830554,1.76172818698069,1.01414037915605,1.71179837766653,1.33146041600567,1.99451043829066,1.88105975365316,1.25650402589538,1.68033354667962,1.08587928632548,1.42113164692239,1.65765800823348,1.58686678883939,1.13543941925067,1.05481325884108,1.21728070276663,1.9456624132328,1.22376365876932,1.26807212190147,1.5557500410619,1.14118188952151
1.96806156075004,1.94144142230108,1.4071736752089,1.41878067954387,1.15977520270263,1.23681161330864,1.21327769160889,1.69276125994174,1.67301473006281,1.90068473615716,1.68191314241007,1.31792517533429,1.25774132658622,1.02492970229356,1.99264338938177,1.04187224574474,1.06078832319974,1.71086597987957,1.23929607273978,1.61114287870524,1.51746296068535,1.56292489057543,1.96500740198652,1.0973353116295,1.514615223517,1.69292482626295,1.3905506615483,1.845013393017,1.45336698761832,1.51561021502857,1.29150135363056,1.76172818698069,53.558470289483,1.62330473476243,1.41319599673766,1.02349954099557,1.12765793275445,1.43641911793333,1.54265912740615,1.23139874927299,1.09911661320325,1.27889579594084,1.09686775230657,1.77595448809487,1.72693084260772,1.29379717134582,1.4473028008115,1.05602564199643,1.74723061674611,1.79898465974209,1.47099972864194,1.62179570813747
1.40239009605832,1.05379636727916,1.92502268865938,1.6101012358489,1.34633355045055,1.01886487427115,1.7181752634785,1.75977296696965,1.19139813175024,1.83882684020271,1.14604730212411,1.2342022453594,1.26172430732368,1.41860137154283,1.1922168234327,1.40601711413172,1.60247070649754,1.64368616027929,1.44004322562369,1.4144797643714,1.24545522231863,1.52185333032247,1.97032983925675,1.01366470987614,1.60890266281036,1.81180218086196,1.51119529712535,1.7262982803985,1.75416051910918,1.37740160961514,1.29616796891027,1.01414037915605,1.62330473476243,53.9633459956215,1.86392779222872,1.92116785930524,1.55081313827579,1.02432222898319,1.10032373997398,1.64969724586685,1.61381534096497,1.31247567632817,1.30705164294087,1.82661318770918,1.93782360942002,1.98790558147612,1.16706896627651,1.99959065997954,1.21141864648621,1.73892349504816,1.16047432374231,1.71382750790279
1.00415227795213,1.52188076382591,1.48108216350949,1.89593231673163,1.03764864897246,1.36215511214088,1.68451858623164,1.13986940595315,1.61120546171963,1.32093175003348,1.7592169427123,1.71650566194044,1.51482235990224,1.67942067872706,1.51257272880179,1.36650781257381,1.53687786755007,1.34821843139279,1.75551496388182,1.98448837175243,1.63306200394084,1.06782766481295,1.20006027547645,1.93423405193455,1.53423469072871,1.00057297619086,1.9601205158793,1.47051247743448,1.24088420776691,1.41046542646851,1.54968015176695,1.71179837766653,1.41319599673766,1.86392779222872,53.6685111930913,1.22472508308698,1.96722059928217,1.74842648894918,1.88930412423299,1.95211823189264,1.15988756071771,1.54533330423074,1.16622154189563,1.53469462810768,1.06529027599156,1.30149271120387,1.46031483377345,1.6095694776669,1.53708762095174,1.03563228530606,1.76766401984154,1.08515820609646
1.97240944717657,1.59651782391431,1.81800972754974,1.5990336619313,1.96665912632209,1.58466653832452,1.77790349571868,1.90103632859003,1.93894402307409,1.18465401333973,1.75087191292591,1.18110141399368,1.66791510985601,1.88081749569663,1.39867722401334,1.76857727662128,1.18703518257804,1.87576597690385,1.63271283713761,1.73627892869351,1.03017276247506,1.7057299207457,1.75128776289117,1.15314042202809,1.6282453032342,1.23904909251213,1.65969854484298,1.1643402069641,1.83438582664094,1.52316722856982,1.41983078905373,1.33146041600567,1.02349954099557,1.92116785930524,1.22472508308698,53.2041745657121,1.04106681376745,1.2769084015288,1.99902320140927,1.74356324772516,1.9423986081697,1.09221780211302,1.18933133510376,1.34657685521365,1.85392359637372,1.85982450603499,1.71797570153977,1.36405587911795,1.41962180026789,1.04149277929286,1.03407572211422,1.5247523991972
1.0748616638942,1.4761004161444,1.8179107209751,1.29345992081494,1.05484018477371,1.4379720745785,1.61495078290578,1.40339601477766,1.40613014502736,1.6937085300189,1.36062300175457,1.91968336697653,1.5791370121665,1.33515423132812,1.61115394468007,1.47979156043371,1.04141590420223,1.20669425987019,1.44881778790095,1.68095453580886,1.53128259979714,1.24979357805559,1.88500080904225,1.34562484703289,1.13421683531917,1.40882386146524,1.27526248771477,1.66306243634925,1.76292691415312,1.96410596508724,1.12942641141332,1.99451043829066,1.12765793275445,1.55081313827579,1.96722059928217,1.04106681376745,53.9972854009817,1.45991124047894,1.61740566818854,1.02010339918551,1.52417007997826,1.84054972829323,1.34294751907836,1.57295847803958,1.47063281269308,1.86996620421762,1.66281369033401,1.37762429908739,1.39600809030049,1.49623214988794,1.22701439318574,1.01426777803072
1.35448362555098,1.494351196333,1.2105144710329,1.66651700933767,1.69064465383563,1.96901096169325,1.16115696363205,1.97701284614253,1.44808459256221,1.52740666667344,1.49756793933807,1.06822100564289,1.38216260698725,1.59577312068817,1.23433539096002,1.12760413211193,1.42359147473406,1.15538778070146,1.7645869309849,1.19921401292049,1.8740896474915,1.33596485356612,1.8302975668713,1.45930410058205,1.22159057307131,1.33734014087233,1.48561668139213,1.39084771945646,1.78257817252659,1.7343789188817,1.09591522118818,1.88105975365316,1.43641911793333,1.02432222898319,1.74842648894918,1.2769084015288,1.45991124047894,53.928531983834,1.90052642994585,1.69554741107651,1.45923282879369,1.67955268159488,1.99765760218616,1.51205544802922,1.26770849212432,1.31269237134265,1.56216346824642,1.31577554313269,1.24513280868769,1.63237488764914,1.88801267411933,1.01812297432596
1.92508496061204,1.57656980938118,1.8799643534608,1.07459527490409,1.68113862289169,1.16068982293861,1.16036359414475,1.48071610903401,1.41176098324906,1.83235288589837,1.77437732870429,1.52127573709994,1.70910885543987,1.74800714559295,1.23678133508041,1.38610278413915,1.20069574993136,1.51557174023035,1.98859141580229,1.28994457111226,1.71415943871912,1.08012596940628,1.77117007587625,1.50628887978675,1.4479076105393,1.38417790894591,1.91789210118255,1.35409899351844,1.55011170429648,1.92222970627352,1.77179514932064,1.25650402589538,1.54265912740615,1.10032373997398,1.88930412423299,1.99902320140927,1.61740566818854,1.90052642994585,53.6821256357628,1.52873483371396,1.370998883327,1.65080805944782,1.53123274749668,1.25204416748697,1.84427012169932,1.14189766726545,1.63563175156509,1.96626416778484,1.65308901744573,1.7147667457884,1.54749104219838,1.84383304875523
1.65539985599713,1.9599955435656,1.7553719895684,1.77763557377161,1.23204824246096,1.87772624933986,1.20098635377408,1.23002895490733,1.32454113723922,1.73250964224921,1.7141489510956,1.85907016734549,1.39566024783797,1.74383269564427,1.48858832357851,1.38961476338544,1.25821667502551,1.3410412177169,1.42374891947198,1.45280766973868,1.91209994671498,1.13571786281453,1.87158625287543,1.67573415240074,1.44314254468453,1.31668145783091,1.84922062272635,1.18342970320183,1.72031914429754,1.66402477755399,1.42037750567327,1.68033354667962,1.23139874927299,1.64969724586685,1.95211823189264,1.74356324772516,1.02010339918551,1.69554741107651,1.52873483371396,53.9967103749498,1.47932360017641,1.10025572269236,1.43091377729127,1.86221313935808,1.67966353133305,1.40178378457287,1.04258261064188,1.92887701183971,1.05477942715156,1.7516869161053,1.54908937520771,1.35858312917807
1.81899226029357,1.6339737557033,1.19944945313011,1.8152886320908,1.54013778247877,1.16962888658495,1.02581488807956,1.79677990767955,1.33542730767998,1.32596516670937,1.46068962452034,1.76324316661956,1.23201881453023,1.46908607169478,1.07091930372218,1.03749522289145,1.25162198965048,1.7843122979553,1.65657964286235,1.63398106844815,1.49457318312236,1.46303144025758,1.27155228623727,1.44031227028012,1.19590977076251,1.23030723409276,1.7952387629986,1.42026942103182,1.83515972403584,1.91060048710117,1.79986463431263,1.08587928632548,1.09911661320325,1.61381534096497,1.15988756071771,1.9423986081697,1.52417007997826,1.45923282879369,1.370998883327,1.47932360017641,53.5726935870818,1.29356785085684,1.96681030372475,1.04287515396386,1.65493011644805,1.15105823061944,1.77101271728567,1.02721314645708,1.51816754346628,1.49586065509164,1.87881977710818,1.98553257947114
1.93009900577837,1.43008886949629,1.49108522082264,1.84811151067173,1.43383311034824,1.67409816508838,1.84380903832792,1.24588940909407,1.1979960418297,1.06298915532557,1.61650496517145,1.42742593699481,1.04027664802981,1.23254621132861,1.03276889260522,1.96252406386776,1.09681103615873,1.27780103556709,1.00542987743645,1.13960375224222,1.20705983238623,1.12283246131746,1.07151654552273,1.43200722356886,1.65750819940935,1.1932470971687,1.67217043539145,1.79041516957358,1.48046921029709,1.93586735564092,1.74846783128961,1.42113164692239,1.27889579594084,1.31247567632817,1.54533330423074,1.09221780211302,1.84054972829323,1.67955268159488,1.65080805944782,1.10025572269236,1.29356785085684,53.9934299159764,1.42577047852137,1.14266266959843,1.22504635212247,1.28114806128719,1.51118848124109,1.74061716568685,1.26398990874365,1.26109822199731,1.8288815658674,1.54039960659128
1.66523691018356,1.41195223127117,1.63427467999713,1.66898490193718,1.82803697969207,1.47725562587253,1.02383353795103,1.2699395866459,1.93571338939281,1.44432548454233,1.96835963612812,1.48037010965886,1.53010865884372,1.41025248608098,1.39095240477051,1.29208135525327,1.5168896920592,1.53617649876335,1.10954603045692,1.46395687640829,1.90406017187241,1.53910510872449,1.42109658681839,1.97085085882379,1.8494035656794,1.73915427771358,1.11610358353523,1.09434763206837,1.52272476745896,1.81731057763906,1.22693881449613,1.65765800823348,1.09686775230657,1.30705164294087,1.16622154189563,1.18933133510376,1.34294751907836,1.99765760218616,1.53123274749668,1.43091377729127,1.96681030372475,1.42577047852137,53.7442168871612,1.20160514265374,1.86171926318748,1.22094849879898,1.02117170766982,1.51064000162791,1.33386554072325,1.38670621550954,1.03225755087671,1.44021249862398
1.0441470877473,1.17598641113191,1.24218080297214,1.88908294350332,1.9997321469708,1.7165803619272,1.90933768726389,1.33472223269507,1.98254298976741,1.3159217989612,1.26263814990532,1.60431262925468,1.31607726789828,1.60412333002506,1.32610458802716,1.13960313710366,1.48566961869861,1.01570752077536,1.19225851455343,1.50879134913385,1.52953648312461,1.83555324926765,1.23466033639138,1.39165027830361,1.18389367832984,1.73217699012355,1.91666302500137,1.9608864201982,1.61403955547793,1.8409825734985,1.88121565658656,1.58686678883939,1.77595448809487,1.82661318770918,1.53469462810768,1.34657685521365,1.57295847803958,1.51205544802922,1.25204416748697,1.86221313935808,1.04287515396386,1.14266266959843,1.20160514265374,53.4699564839108,1.59250873122015,1.67064896909085,1.06116260125356,1.06697312792157,1.98242987831236,1.69890820360692,1.63598236890323,1.58730527180587
1.801966096648,1.28776020802919,1.62408685201038,1.10270990901753,1.08245991453643,1.22515515527928,1.88940959418631,1.69558129538576,1.12410050682914,1.90483088693806,1.77956435213777,1.09279307913631,1.0879501025602,1.23190763696651,1.50817712932275,1.05151807193249,1.35943413495991,1.57690819891957,1.37048677092906,1.74477789725399,1.68444859780578,1.79860095716948,1.43969068044782,1.55778584236176,1.80134283974829,1.53655097565453,1.4270217457912,1.18685186104237,1.88133919373217,1.19038921277523,1.13560593972709,1.13543941925067,1.72693084260772,1.93782360942002,1.06529027599156,1.85392359637372,1.47063281269308,1.26770849212432,1.84427012169932,1.67966353133305,1.65493011644805,1.22504635212247,1.86171926318748,1.59250873122015,53.1719155317042,1.65460899363021,1.08912647892215,1.70613691057364,1.86591205925956,1.96419911364289,1.89798302105534,1.68678354643601
