53.800937582646,1.45175906152081,1.85988166130142,1.0391503023166,1.0206165695659,1.99003322887702,1.77311742341757,1.74595455021875,1.01832158491869,1.58056918884654,1.97035418682283,1.57207362985801,1.19829475376676,1.24522793630381,1.20623209197364,1.0113964136743,1.77334877279277,1.40235185502207,1.04671477854565,1.97983134862959,1.61599316197261,1.25383614062045,1.74794794607346,1.3677434298991,1.19231366840765,1.13700651197555,1.2335778685443,1.20122630856988,1.88657954981857,1.84978122070887,1.34763664489036,1.68751713199891,1.30154028176402,1.20751830619179,1.72666743431551,1.32215685132991,1.19755153460314,1.49978485773308,1.068111401083,1.21587311952183,1.08035404611395,1.03846558790582,1.78794674937983,1.27864879988071,1.28369352420964,1.99417884135348,1.29004521355501,1.05704229653675,1.39653069590988,1.33675999256631,1.03687364470068,1.01252385788249
1.45175906152081,53.7848215912398,1.38026728778159,1.78290980206007,1.92182810321535,1.61384515632589,1.98413611062995,1.80840765256826,1.4636263765691,1.33177275552031,1.49592478410151,1.76516665879878,1.5392910617121,1.22259221841702,1.08732350966303,1.73684259631524,1.72237707615009,1.15543491121169,1.95271571583707,1.80273112226405,1.19390049911751,1.74066246475124,1.08137992214476,1.47759402332715,1.73484130563906,1.37142513569976,1.53463631986391,1.13137200108328,1.70818512826608,1.57150996503025,1.14389585896577,1.29878126145284,1.35633155580439,1.52416314674735,1.08169106304724,1.27815965855408,1.13800830307324,1.06582717321153,1.08656731112235,1.60163467964234,1.39759992873184,1.58249209522386,1.36680133797545,1.93689099044394,1.80508431364088,1.45412484810414,1.67373358629352,1.52746138932531,1.60955975931583,1.62644930166493,1.33019251158936,1.80346025843334
1.85988166130142,1.38026728778159,53.2810542812948,1.1019530711239,1.78299756943388,1.81569060115874,1.23332507267284,1.49118269769996,1.38720056572333,1.3772209316386,1.78996395915279,1.74353212152772,1.90138407885161,1.87165502220004,1.02169178008181,1.03939238145919,1.93748219541157,1.10825909120415,1.64102706110153,1.33508212414341,1.69075118642801,1.00782839907698,1.27197311412169,1.49583550006889,1.46195324718112,1.94570670088088,1.02329688892853,1.07151300603129,1.57215600208014,1.35348940051789,1.87497326446463,1.93926776849631,1.765061834252,1.15602754529381,1.04122083915454,1.54805940368588,1.97171814645255,1.27454591182738,1.03924210092018,1.35891871217588,1.65176684393164,1.82920606007297,1.10245083323794,1.55315092231759,1.70086108180734,1.12414261331975,1.59254330377679,1.63834327675325,1.2324017045239,1.23357036441265,1.97342540089666,1.92315289141757
1.0391503023166,1.78290980206007,1.1019530711239,53.7033520106707,1.19110521543357,1.44228527994933,1.77486501670203,1.76326121751371,1.79577468093288,1.649838280701,1.70252898554435,1.56083651471922,1.80586582599481,1.74374982516456,1.10889591793944,1.77758397244736,1.01829573652628,1.14813801885961,1.13650268415758,1.67006258045792,1.97734407893258,1.23895351739552,1.22321350230985,1.67820516027427,1.36309613118092,1.81575680608664,1.31654843702752,1.59549783570482,1.04932717049929,1.28997383745852,1.51865072665673,1.29072593398892,1.53537235247687,1.93763911767753,1.99407794512533,1.72647756791044,1.37992439762686,1.7689429613617,1.48973878542415,1.17569907809407,1.4187812420627,1.19226777050284,1.73653559281329,1.22464706759185,1.9360175956674,1.84543151121839,1.00223103957355,1.95431333265934,1.99356953007801,1.13873372373112,1.62437591265159,1.97091360901059
1.0206165695659,1.92182810321535,1.78299756943388,1.19110521543357,53.6633462210481,1.96566720584671,1.33628120801238,1.71267339154737,1.25564104330523,1.85493193513478,1.00339932553628,1.7910133957821,1.79257105234664,1.99747727066161,1.51749096369254,1.17249544950784,1.76642023155765,1.00722974865103,1.34819452760191,1.18520147315469,1.19949751915387,1.08473012041521,1.4098485412122,1.13551511482127,1.9301616316336,1.41207958078574,1.08982844701494,1.92373116124595,1.55081330498253,1.71420435966654,1.89464476979088,1.92850054657483,1.56179377462798,1.54376353861008,1.66928391888239,1.22513999567606,1.50943074399113,1.00556512642911,1.93781338722343,1.76507178729636,1.86049706156389,1.94121271275972,1.55608518307846,1.65306811391053,1.93868998295567,1.07357614630534,1.82556356341837,1.70511021451331,1.08080589495637,1.17375809102029,1.890311687668,1.28030341411024
1.99003322887702,1.61384515632589,1.81569060115874,1.44228527994933,1.96566720584671,53.5056469759464,1.11238100338372,1.26305311418281,1.21985133561299,1.00702577317461,1.19155366029197,1.78164511024097,1.55078931178469,1.86083757917436,1.00678510545138,1.06022005531016,1.86640270560347,1.94459849314047,1.82529184307218,1.72689976716735,1.88581120543452,1.38137702568498,1.37996788061222,1.82450118839019,1.45495317199032,1.20553144356493,1.52961140243784,1.53575906694669,1.37928953458522,1.41992308964018,1.81606248105693,1.63777774602071,1.72008331852038,1.23188100998843,1.82642758862415,1.43232312772066,1.73752798593488,1.93880859247353,1.69537624190346,1.95737932154787,1.94583436564814,1.88692990219543,1.73902443178884,1.49662367696717,1.74776748090413,1.74580953724022,1.55684373227732,1.61417018604193,1.69040802991502,1.38213557488384,1.34106995274363,1.57621923534955
1.77311742341757,1.98413611062995,1.23332507267284,1.77486501670203,1.33628120801238,1.11238100338372,53.7542248390402,1.305858811506,1.35025491488644,1.57028732009711,1.94363655799238,1.07033823294115,1.80216833008554,1.77006414615086,1.50266136066181,1.53969631555476,1.70887273815874,1.19803760209961,1.49707563710263,1.65470710334122,1.08496750382938,1.23610006842581,1.15133077984272,1.83273498473351,1.98190960566602,1.70817451258571,1.44690517077544,1.67231763558105,1.09031008700389,1.78797512351907,1.24853687046493,1.85382268803838,1.50901295687492,1.64925729373901,1.07228845966621,1.4355822337957,1.57958911898527,1.82651329917205,1.74144104530171,1.9298440338717,1.3968006188035,1.68507760282842,1.00018226681286,1.19896894842338,1.45514174897929,1.50284362747466,1.73866526397814,1.16401448667236,1.70088123003993,1.23574090061511,1.81872159047924,1.78584873386931
1.74595455021875,1.80840765256826,1.49118269769996,1.76326121751371,1.71267339154737,1.26305311418281,1.305858811506,53.7685369699116,1.85346401243166,1.37460508028725,1.62235965748427,1.36247696884092,1.0238623735606,1.69464811715048,1.79805920263662,1.60345149254587,1.52116141585687,1.53950024793833,1.53329552595191,1.91796203466037,1.22457785030109,1.53347779276477,1.11693098261809,1.67971959928038,1.03632142023943,1.8555962470619,1.8437340864184,1.73720265027937,1.09133714721135,1.66245567643198,1.52305138368302,1.56317811671792,1.63250804628828,1.14163510182017,1.0169286909592,1.31073492873029,1.20712399073277,1.14299690078152,1.07927189817618,1.06058800316443,1.51760198106878,1.70163155566046,1.42306497200535,1.54146435462938,1.39627967234528,1.22112417464197,1.14491584670959,1.91744108866781,1.76062442258029,1.6782113726615,1.83540312286252,1.98520227288138
1.01832158491869,1.4636263765691,1.38720056572333,1.79577468093288,1.25564104330523,1.21985133561299,1.35025491488644,1.85346401243166,53.1711116340808,1.50826461916243,1.46244561600613,1.8036196803691,1.64989972144826,1.47937430696533,1.11435460863372,1.85702371218103,1.62237120774685,1.1936265068099,1.91761171534546,1.13997318834996,1.89525806247036,1.34067668735081,1.68143754297934,1.29153773481564,1.56180086199278,1.82635338968893,1.20897882301778,1.32242528410741,1.50456476235043,1.04438194541465,1.30762755652313,1.71625392777671,1.99671605136093,1.97254942868489,1.96426451344242,1.80464640343778,1.48120538633373,1.94947774892183,1.70391390319165,1.65231702041454,1.4577423676186,1.16635951873211,1.45593670078364,1.1076420886012,1.6457338261631,1.57029130941736,1.96466580124789,1.26810503344429,1.76391781669293,1.88227751612769,1.40807822225992,1.65917587869762
1.58056918884654,1.33177275552031,1.3772209316386,1.649838280701,1.85493193513478,1.00702577317461,1.57028732009711,1.37460508028725,1.50826461916243,53.4148079056362,1.13668784412401,1.20079043284095,1.3873573338554,1.10095235710077,1.00543683627874,1.86856272065479,1.05043010555693,1.70935073947038,1.52087974060368,1.50817247317553,1.87571025820249,1.97681644138732,1.61581456224239,1.52144408389993,1.54710775080468,1.58048036302462,1.78954911780988,1.31102556703194,1.46275787868665,1.19762733960414,1.97020144572957,1.68571208216516,1.28714310437774,1.92091505924282,1.47046714670512,1.20301225884026,1.08060749484254,1.57764749581816,1.62344617565323,1.28468187678823,1.99245540145433,1.76013401977724,1.48547231009485,1.37981273484408,1.86108637687801,1.49090914637358,1.24837545503321,1.91151648243494,1.2002598853783,1.76925519610255,1.41968895561047,1.07597014311513
1.97035418682283,1.49592478410151,1.78996395915279,1.70252898554435,1.00339932553628,1.19155366029197,1.94363655799238,1.62235965748427,1.46244561600613,1.13668784412401,53.764453840798,1.87173378880682,1.49532145890189,1.2349209875031,1.07474604764709,1.57592895374444,1.81256848332126,1.69819222330032,1.86061083099833,1.80502388430993,1.45832624307756,1.34608314062752,1.18483661868835,1.3194126194899,1.8369922870011,1.43321207418722,1.23092910192484,1.03725217191374,1.2024672698241,1.65061805753532,1.11322231502888,1.94853890684831,1.68612157492252,1.71063654250961,1.24171829421153,1.30210545486869,1.09759988686889,1.8459232486067,1.38084721350151,1.68219057129798,1.42032964826577,1.14530105429948,1.5539243601048,1.91565110716766,1.38022204180258,1.62867040775189,1.4915800609121,1.19279052465818,1.32686263058654,1.35219089144477,1.99781440896812,1.7851888736641
1.57207362985801,1.76516665879878,1.74353212152772,1.56083651471922,1.7910133957821,1.78164511024097,1.07033823294115,1.36247696884092,1.8036196803691,1.20079043284095,1.87173378880682,53.672270227071,1.39637734805996,1.0085875717963,1.97437568193971,1.49397723492886,1.854510820403,1.35522289497555,1.17616780622684,1.27484046866877,1.50052394927504,1.73009216633164,1.19049157537077,1.88074599107762,1.35876257361787,1.68207163628287,1.07353651527014,1.68562520420441,1.03426252726198,1.0713509237726,1.47081407786851,1.73253655933427,1.25400195142906,1.57541557102251,1.26780287747635,1.86986505280708,1.91094616610135,1.84032136799783,1.68819542400921,1.89709481824985,1.52606217354818,1.45506470159398,1.56936504485522,1.92243952160815,1.46365227339028,1.54374072632927,1.41641675607134,1.31816309332762,1.89896362130482,1.59258456229818,1.59300356199639,1.39948757057986
1.19829475376676,1.5392910617121,1.90138407885161,1.80586582599481,1.79257105234664,1.55078931178469,1.80216833008554,1.0238623735606,1.64989972144826,1.3873573338554,1.49532145890189,1.39637734805996,53.4132941544118,1.5001687381883,1.54898800493637,1.32424032004748,1.34049010572047,1.23718342847991,1.22133513783167,1.86655227926865,1.69224813007389,1.79070018268689,1.78899180041113,1.15590040299851,1.33444090855049,1.20540855648248,1.47406349632613,1.23340452938965,1.79799311878066,1.06706705832252,1.6328920999695,1.12066984694482,1.85056219615534,1.91312566162698,1.80210914872685,1.31612896933971,1.26689573808894,1.16917365424762,1.81595827071739,1.69201673878916,1.0070522376369,1.04832413096369,1.37113969091845,1.42034639204868,1.54849286915199,1.92012769585481,1.74458671209616,1.88898297487245,1.15731112386906,1.96592184992783,1.7555352541411,1.84955925394295
1.24522793630381,1.22259221841702,1.87165502220004,1.74374982516456,1.99747727066161,1.86083757917436,1.77006414615086,1.69464811715048,1.47937430696533,1.10095235710077,1.2349209875031,1.0085875717963,1.5001687381883,53.4707077245557,1.71328137661949,1.1373809688433,1.63988137926901,1.52923964687122,1.82939770809812,1.64693361690591,1.57756377783491,1.20053739855091,1.06728000895459,1.12605664652123,1.12066509394006,1.81186672105075,1.01503962139368,1.27797621780912,1.77778857097858,1.77057487553478,1.12753547128641,1.53441060266197,1.31510192915569,1.1329951277622,1.62547354336152,1.06503753972474,1.61251828056412,1.94994101345071,1.61296626907446,1.15910849168855,1.90730058304374,1.28156484490333,1.55626089850267,1.77778581426376,1.75227256945906,1.26954227465649,1.91516678310706,1.39215394826241,1.79878192199337,1.74456449073952,1.03908756516831,1.37634569936262
1.20623209197364,1.08732350966303,1.02169178008181,1.10889591793944,1.51749096369254,1.00678510545138,1.50266136066181,1.79805920263662,1.11435460863372,1.00543683627874,1.07474604764709,1.97437568193971,1.54898800493637,1.71328137661949,53.6681563116927,1.21679208018668,1.80584802469511,1.28112258030154,1.37590057187523,1.71314860727319,1.56268742520487,1.93216147037789,1.49093442107129,1.31495999466393,1.20170374503439,1.40610120417834,1.70711394292634,1.0004856665621,1.1506656944522,1.74620150809465,1.37683136592472,1.09576758374263,1.85256908221756,1.87923371227422,1.16153456650746,1.77080337739121,1.39667567955175,1.50527776754707,1.46682624261213,1.68469252236406,1.97655643940743,1.69725971096068,1.28781129433206,1.58083023902999,1.55316672220508,1.9559676060248,1.79762231921666,1.35901474643453,1.23709018632634,1.17352289062623,1.07216335370772,1.79977761153121
1.0113964136743,1.73684259631524,1.03939238145919,1.77758397244736,1.17249544950784,1.06022005531016,1.53969631555476,1.60345149254587,1.85702371218103,1.86856272065479,1.57592895374444,1.49397723492886,1.32424032004748,1.1373809688433,1.21679208018668,53.9606145303513,1.88244459120671,1.65825175850571,1.6453070522497,1.85900103061413,1.35551146946638,1.93311834658176,1.43983126917846,1.90867819167146,1.88908595260656,1.23745358792946,1.26769293810599,1.12617613846724,1.41097647855569,1.33985629181371,1.92595374999845,1.51666083909416,1.90295406659271,1.04069135572793,1.82404894513267,1.87215304555006,1.86254290484942,1.13192271680195,1.99201771895961,1.43059596113423,1.81662785532727,1.20764997564612,1.85121810010225,1.38056670566116,1.58481679930576,1.04264361553017,1.3411812355468,1.46726139051247,1.70089537450154,1.98648828779649,1.32626242066094,1.05640684350226
1.77334877279277,1.72237707615009,1.93748219541157,1.01829573652628,1.76642023155765,1.86640270560347,1.70887273815874,1.52116141585687,1.62237120774685,1.05043010555693,1.81256848332126,1.854510820403,1.34049010572047,1.63988137926901,1.80584802469511,1.88244459120671,53.8871562568877,1.33975909479883,1.19465269576509,1.70378411174928,1.54740907044495,1.04587079540168,1.08435081694478,1.13222586928505,1.08851441139752,1.42553205249157,1.59948725979751,1.78940978589906,1.41202034028807,1.92574968045845,1.84581662940132,1.33162697420066,1.69184336983219,1.81090166410939,1.14031956025414,1.69539064713539,1.04367963692345,1.07518828477486,1.10991440252863,1.61631390155121,1.93601075929404,1.04109899748168,1.09190223230603,1.83752458954115,1.79633253710174,1.43964360861091,1.60158132370635,1.68348879352374,1.77940270340974,1.79623401947144,1.38727290527302,1.32681177338902
1.40235185502207,1.15543491121169,1.10825909120415,1.14813801885961,1.00722974865103,1.94459849314047,1.19803760209961,1.53950024793833,1.1936265068099,1.70935073947038,1.69819222330032,1.35522289497555,1.23718342847991,1.52923964687122,1.28112258030154,1.65825175850571,1.33975909479883,53.4814230024262,1.03674084322375,1.79232169305548,1.52252199990792,1.12864307552979,1.62984628213097,1.31885453700966,1.56828668460636,1.23142760583732,1.00234333006774,1.34768938755043,1.0276616248431,1.38961623534077,1.67450116140512,1.86976644018188,1.86123995802423,1.13353880407919,1.80038566645253,1.75839573273361,1.19206370655078,1.52041467815657,1.06757184726539,1.17633828948081,1.08626031879627,1.70837493646349,1.8524562427087,1.46300762401102,1.48949758545007,1.22396484214066,1.88343456568356,1.34580851921151,1.7053878445669,1.92017540890732,1.13813021180133,1.22790984447483
1.04671477854565,1.95271571583707,1.64102706110153,1.13650268415758,1.34819452760191,1.82529184307218,1.49707563710263,1.53329552595191,1.91761171534546,1.52087974060368,1.86061083099833,1.17616780622684,1.22133513783167,1.82939770809812,1.37590057187523,1.6453070522497,1.19465269576509,1.03674084322375,53.1412365176441,1.30389282819996,1.33430642044838,1.99369276035283,1.76690045221099,1.82380400589844,1.21765760202783,1.65033501789455,1.16961252464429,1.92304544706039,1.57051042633621,1.30774273644562,1.15095529106956,1.61932891077331,1.07571923037792,1.69771967255404,1.23643407935111,1.07512333014753,1.24682738364061,1.201228635945,1.1021890552259,1.1855513305336,1.84052435347835,1.99902122048616,1.98551523545082,1.61335887509089,1.69623905126762,1.54387487217033,1.57825710325421,1.91387156067131,1.16980635615522,1.71949362089834,1.21776438887127,1.5041127766036
1.97983134862959,1.80273112226405,1.33508212414341,1.67006258045792,1.18520147315469,1.72689976716735,1.65470710334122,1.91796203466037,1.13997318834996,1.50817247317553,1.80502388430993,1.27484046866877,1.86655227926865,1.64693361690591,1.71314860727319,1.85900103061413,1.70378411174928,1.79232169305548,1.30389282819996,53.1030262639295,1.0573248793638,1.12045834265671,1.71638513902034,1.75356393063141,1.66433321482704,1.29464224180888,1.66743549130272,1.83413957144792,1.01413586270722,1.88519988017399,1.33825234758586,1.7273222439584,1.86986472079058,1.66616913008791,1.65816622677174,1.50486457930173,1.16369843630292,1.51205565664547,1.71037486414908,1.96897047989488,1.5169003771231,1.53521405930408,1.84996175386475,1.21946477015478,1.59648733427584,1.80607635798216,1.16885654682706,1.85898924519261,1.86438001732546,1.30379965403294,1.96201550958772,1.92170489668926
1.61599316197261,1.19390049911751,1.69075118642801,1.97734407893258,1.19949751915387,1.88581120543452,1.08496750382938,1.22457785030109,1.89525806247036,1.87571025820249,1.45832624307756,1.50052394927504,1.69224813007389,1.57756377783491,1.56268742520487,1.35551146946638,1.54740907044495,1.52252199990792,1.33430642044838,1.0573248793638,53.8482224204802,1.90978292976962,1.62108802684633,1.44470975475605,1.71585928728611,1.78994457367339,1.303698999483,1.58023930414591,1.09374422724067,1.26571450860506,1.5019442003695,1.51800222439598,1.94411515721312,1.17721302722451,1.60659343591267,1.9171580471644,1.51991734491657,1.52932421841162,1.9043367998229,1.74782154278263,1.79030734849642,1.61883779597415,1.8455904609736,1.71745960866914,1.99150501889712,1.44822395800065,1.80831030514478,1.87622789846558,1.76123231917677,1.86813148104964,1.27785115469147,1.60945473919132
1.25383614062045,1.74066246475124,1.00782839907698,1.23895351739552,1.08473012041521,1.38137702568498,1.23610006842581,1.53347779276477,1.34067668735081,1.97681644138732,1.34608314062752,1.73009216633164,1.79070018268689,1.20053739855091,1.93216147037789,1.93311834658176,1.04587079540168,1.12864307552979,1.99369276035283,1.12045834265671,1.90978292976962,53.8664995775868,1.94431481694072,1.99953081971013,1.31472353512176,1.75262512161984,1.87575871771004,1.07595585383287,1.62075660220383,1.15360987193585,1.68541059302418,1.39867101255742,1.05254905300799,1.73957508697155,1.8924447106628,1.74143280775353,1.09743857993625,1.96645771244842,1.52406078927408,1.72101658197167,1.54241491413788,1.82469099565628,1.28870974075455,1.29558514351751,1.73191463701982,1.77356094623616,1.56867271781372,1.16846249679498,1.16274895107502,1.58958183442689,1.39531770506656,1.17077475142236
1.74794794607346,1.08137992214476,1.27197311412169,1.22321350230985,1.4098485412122,1.37996788061222,1.15133077984272,1.11693098261809,1.68143754297934,1.61581456224239,1.18483661868835,1.19049157537077,1.78899180041113,1.06728000895459,1.49093442107129,1.43983126917846,1.08435081694478,1.62984628213097,1.76690045221099,1.71638513902034,1.62108802684633,1.94431481694072,53.8085877372923,1.07432244162742,1.15247232799999,1.37726045464038,1.2427849384224,1.31522127907501,1.96684228906727,1.63810264348895,1.48599603096302,1.4229237001496,1.97773516503057,1.65630160162984,1.19372864635369,1.06999280726071,1.70236589000671,1.04048944639065,1.783007052626,1.90204004985375,1.57266083991745,1.89469231008305,1.15426326270879,1.84440731948447,1.89882227773723,1.1479192828517,1.21359237898774,1.86940995737417,1.66563609273435,1.30379402046269,1.38241255068333,1.00804389734196
1.3677434298991,1.47759402332715,1.49583550006889,1.67820516027427,1.13551511482127,1.82450118839019,1.83273498473351,1.67971959928038,1.29153773481564,1.52144408389993,1.3194126194899,1.88074599107762,1.15590040299851,1.12605664652123,1.31495999466393,1.90867819167146,1.13222586928505,1.31885453700966,1.82380400589844,1.75356393063141,1.44470975475605,1.99953081971013,1.07432244162742,53.5875035331526,1.19928512684968,1.82290536296689,1.45691349006114,1.86492122004969,1.12669938296392,1.83932604074447,1.87296511739165,1.80940478565609,1.03032632825446,1.95533145682669,1.6445825158826,1.59858707133615,1.28048273468413,1.79498152564977,1.13369010255378,1.24373665603052,1.43137656591431,1.09171683392102,1.18472574194182,1.72407320827435,1.24347221210761,1.19570763557949,1.71913573970978,1.4357170371505,1.98969658184317,1.61623832099896,1.20062270117953,1.67837783725857
1.19231366840765,1.73484130563906,1.46195324718112,1.36309613118092,1.9301616316336,1.45495317199032,1.98190960566602,1.03632142023943,1.56180086199278,1.54710775080468,1.8369922870011,1.35876257361787,1.33444090855049,1.12066509394006,1.20170374503439,1.88908595260656,1.08851441139752,1.56828668460636,1.21765760202783,1.66433321482704,1.71585928728611,1.31472353512176,1.15247232799999,1.19928512684968,53.4647598538849,1.88309477077941,1.095630485609,1.45445643526244,1.49933309177837,1.29625318725419,1.13283427252101,1.16693725630964,1.10618887194721,1.39871564246654,1.03382654815625,1.73902992007277,1.12151050247322,1.76563706005255,1.49857035023094,1.68363140322437,1.37041268887483,1.06751556604519,1.27607863176431,1.93051977452381,1.28104329774205,1.46711293210607,1.77110959439124,1.28955255462302,1.79183733453594,1.8554360702892,1.72943837788396,1.20827857088683
1.13700651197555,1.37142513569976,1.94570670088088,1.81575680608664,1.41207958078574,1.20553144356493,1.70817451258571,1.8555962470619,1.82635338968893,1.58048036302462,1.43321207418722,1.68207163628287,1.20540855648248,1.81186672105075,1.40610120417834,1.23745358792946,1.42553205249157,1.23142760583732,1.65033501789455,1.29464224180888,1.78994457367339,1.75262512161984,1.37726045464038,1.82290536296689,1.88309477077941,53.3142681924227,1.24197625333535,1.91542529543649,1.16970426224624,1.97141463121931,1.12370386632332,1.29419255037522,1.8648120401729,1.99189588659997,1.88344069192346,1.64130421944023,1.95571839201996,1.92714526873415,1.91712949048594,1.21579408469414,1.10368411760017,1.35989201737563,1.58205864978119,1.67893860986407,1.83648109335288,1.68735313447535,1.37570360366986,1.07870722891703,1.29121796893478,1.75610000116569,1.691346053356,1.96259837037073
1.2335778685443,1.53463631986391,1.02329688892853,1.31654843702752,1.08982844701494,1.52961140243784,1.44690517077544,1.8437340864184,1.20897882301778,1.78954911780988,1.23092910192484,1.07353651527014,1.47406349632613,1.01503962139368,1.70711394292634,1.26769293810599,1.59948725979751,1.00234333006774,1.16961252464429,1.66743549130272,1.303698999483,1.87575871771004,1.2427849384224,1.45691349006114,1.095630485609,1.24197625333535,53.8267390415197,1.29933026726326,1.73768194938902,1.51808509441003,1.26192863716834,1.15025697888353,1.75258974626315,1.17695070578575,1.68641996974424,1.30136259053897,1.33394902727285,1.13800825511013,1.01983969706103,1.46236197997926,1.71330040773065,1.03250935395831,1.4555869723929,1.28048844555416,1.92861970277905,1.09011618378112,1.80339487586329,1.75187531986827,1.64177488565528,1.54209539040089,1.67881505502333,1.55332560490506
1.20122630856988,1.13137200108328,1.07151300603129,1.59549783570482,1.92373116124595,1.53575906694669,1.67231763558105,1.73720265027937,1.32242528410741,1.31102556703194,1.03725217191374,1.68562520420441,1.23340452938965,1.27797621780912,1.0004856665621,1.12617613846724,1.78940978589906,1.34768938755043,1.92304544706039,1.83413957144792,1.58023930414591,1.07595585383287,1.31522127907501,1.86492122004969,1.45445643526244,1.91542529543649,1.29933026726326,53.5929655128126,1.31792161907904,1.11179301706692,1.14629111725199,1.18077617379873,1.39648641617805,1.44764853429405,1.05174302638124,1.66276176397817,1.57574499239016,1.22204014669267,1.66671906023599,1.22192654443063,1.65426590463811,1.820933335843,1.62069784319992,1.26344236743797,1.66156758026293,1.32083173204252,1.20656785797634,1.64021008025865,1.04080531794615,1.61205532895962,1.33215298751935,1.79328825827375
1.88657954981857,1.70818512826608,1.57215600208014,1.04932717049929,1.55081330498253,1.37928953458522,1.09031008700389,1.09133714721135,1.50456476235043,1.46275787868665,1.2024672698241,1.03426252726198,1.79799311878066,1.77778857097858,1.1506656944522,1.41097647855569,1.41202034028807,1.0276616248431,1.57051042633621,1.01413586270722,1.09374422724067,1.62075660220383,1.96684228906727,1.12669938296392,1.49933309177837,1.16970426224624,1.73768194938902,1.31792161907904,53.5892229944417,1.19999310337007,1.18452025073791,1.06235276584623,1.50457744416994,1.65891115165265,1.4866731648737,1.58498801364796,1.56628001461098,1.50395907578243,1.98332020267067,1.58544189463623,1.66753610440881,1.5624285645608,1.00109019037387,1.27876166639792,1.19327995329782,1.07950025055534,1.46573222124285,1.04617148919318,1.82462937097281,1.87462932051841,1.55332892926099,1.39069182630195
1.84978122070887,1.57150996503025,1.35348940051789,1.28997383745852,1.71420435966654,1.41992308964018,1.78797512351907,1.66245567643198,1.04438194541465,1.19762733960414,1.65061805753532,1.0713509237726,1.06706705832252,1.77057487553478,1.74620150809465,1.33985629181371,1.92574968045845,1.38961623534077,1.30774273644562,1.88519988017399,1.26571450860506,1.15360987193585,1.63810264348895,1.83932604074447,1.29625318725419,1.97141463121931,1.51808509441003,1.11179301706692,1.19999310337007,53.1142496774505,1.93694787795513,1.13418797735786,1.43817841468294,1.55526973984915,1.38883891440408,1.73927481739748,1.04143171712823,1.0347218434488,1.62959421408809,1.72758679870869,1.8651250236971,1.5822663770906,1.9183193244591,1.35443935466671,1.02161170450114,1.6940398633918,1.41003370024731,1.96491610862544,1.45308060452951,1.05106993999848,1.57575661576155,1.77454991022802
1.34763664489036,1.14389585896577,1.87497326446463,1.51865072665673,1.89464476979088,1.81606248105693,1.24853687046493,1.52305138368302,1.30762755652313,1.97020144572957,1.11322231502888,1.47081407786851,1.6328920999695,1.12753547128641,1.37683136592472,1.92595374999845,1.84581662940132,1.67450116140512,1.15095529106956,1.33825234758586,1.5019442003695,1.68541059302418,1.48599603096302,1.87296511739165,1.13283427252101,1.12370386632332,1.26192863716834,1.14629111725199,1.18452025073791,1.93694787795513,53.0623049377754,1.98227002377728,1.38142663630723,1.35160410746541,1.39709307504682,1.20211982131103,1.20182402487929,1.35817217843522,1.25277672114446,1.16629362020935,1.25619915931309,1.4376215988014,1.56894163022234,1.70949588004011,1.01130539039676,1.71086445716716,1.20422431742969,1.61971102590659,1.48238149820007,1.42653955399363,1.09324168418219,1.83616491632357
1.68751713199891,1.29878126145284,1.93926776849631,1.29072593398892,1.92850054657483,1.63777774602071,1.85382268803838,1.56317811671792,1.71625392777671,1.68571208216516,1.94853890684831,1.73253655933427,1.12066984694482,1.53441060266197,1.09576758374263,1.51666083909416,1.33162697420066,1.86976644018188,1.61932891077331,1.7273222439584,1.51800222439598,1.39867101255742,1.4229237001496,1.80940478565609,1.16693725630964,1.29419255037522,1.15025697888353,1.18077617379873,1.06235276584623,1.13418797735786,1.98227002377728,53.3494573656234,1.38735369191847,1.28154279630703,1.75130590365795,1.54656910269827,1.83341406603968,1.4409094697055,1.99485816620051,1.30135318185266,1.19281797352844,1.42541725301436,1.15071893443853,1.29633058481679,1.2530694153407,1.20220450786976,1.60166722098443,1.43889375563659,1.50646680291112,1.07329747736142,1.88091725571124,1.24835069675387
1.30154028176402,1.35633155580439,1.765061834252,1.53537235247687,1.56179377462798,1.72008331852038,1.50901295687492,1.63250804628828,1.99671605136093,1.28714310437774,1.68612157492252,1.25400195142906,1.85056219615534,1.31510192915569,1.85256908221756,1.90295406659271,1.69184336983219,1.86123995802423,1.07571923037792,1.86986472079058,1.94411515721312,1.05254905300799,1.97773516503057,1.03032632825446,1.10618887194721,1.8648120401729,1.75258974626315,1.39648641617805,1.50457744416994,1.43817841468294,1.38142663630723,1.38735369191847,53.800097560417,1.69469727514996,1.85542465041179,1.18827789145907,1.06913756628946,1.95454820057123,1.35874147403927,1.90971985222293,1.12365450808949,1.87866242224288,1.13765582960921,1.57430361284609,1.14988927363879,1.91216091015942,1.85836678317672,1.86202559474019,1.68152415644448,1.44378313489434,1.76697988937003,1.8763046557439
1.20751830619179,1.52416314674735,1.15602754529381,1.93763911767753,1.54376353861008,1.23188100998843,1.64925729373901,1.14163510182017,1.97254942868489,1.92091505924282,1.71063654250961,1.57541557102251,1.91312566162698,1.1329951277622,1.87923371227422,1.04069135572793,1.81090166410939,1.13353880407919,1.69771967255404,1.66616913008791,1.17721302722451,1.73957508697155,1.65630160162984,1.95533145682669,1.39871564246654,1.99189588659997,1.17695070578575,1.44764853429405,1.65891115165265,1.55526973984915,1.35160410746541,1.28154279630703,1.69469727514996,53.8615769221734,1.74584291444432,1.72271490689493,1.07247516143717,1.30890772785475,1.37018135253814,1.05103432668887,1.56512983542175,1.00776673993457,1.82969105235752,1.51604921767304,1.50077677820845,1.79662566948525,1.53610616667946,1.94833501705357,1.12230176018658,1.46588296744315,1.5195477635225,1.3266402731308
1.72666743431551,1.08169106304724,1.04122083915454,1.99407794512533,1.66928391888239,1.82642758862415,1.07228845966621,1.0169286909592,1.96426451344242,1.47046714670512,1.24171829421153,1.26780287747635,1.80210914872685,1.62547354336152,1.16153456650746,1.82404894513267,1.14031956025414,1.80038566645253,1.23643407935111,1.65816622677174,1.60659343591267,1.8924447106628,1.19372864635369,1.6445825158826,1.03382654815625,1.88344069192346,1.68641996974424,1.05174302638124,1.4866731648737,1.38883891440408,1.39709307504682,1.75130590365795,1.85542465041179,1.74584291444432,53.9283418049702,1.23518669383376,1.3497838528593,1.10236863936408,1.35180023561781,1.23013856412384,1.81381782694432,1.09599847537279,1.06199131396692,1.38684393530099,1.58603962957209,1.61655897023927,1.03234520556049,1.38498851162614,1.54130797904977,1.72888080344018,1.74906722863627,1.47382372779484
1.32215685132991,1.27815965855408,1.54805940368588,1.72647756791044,1.22513999567606,1.43232312772066,1.4355822337957,1.31073492873029,1.80464640343778,1.20301225884026,1.30210545486869,1.86986505280708,1.31612896933971,1.06503753972474,1.77080337739121,1.87215304555006,1.69539064713539,1.75839573273361,1.07512333014753,1.50486457930173,1.9171580471644,1.74143280775353,1.06999280726071,1.59858707133615,1.73902992007277,1.64130421944023,1.30136259053897,1.66276176397817,1.58498801364796,1.73927481739748,1.20211982131103,1.54656910269827,1.18827789145907,1.72271490689493,1.23518669383376,53.8338637365186,1.71703507458653,1.19175828769419,1.7614100695408,1.9069541794746,1.98666649031763,1.10438906825352,1.66311271379847,1.23423710383206,1.37570987193645,1.65445794242176,1.83159157067146,1.74939931498347,1.99760340619721,1.65908460163469,1.9369065849748,1.43674734534544
1.19755153460314,1.13800830307324,1.97171814645255,1.37992439762686,1.50943074399113,1.73752798593488,1.57958911898527,1.20712399073277,1.48120538633373,1.08060749484254,1.09759988686889,1.91094616610135,1.26689573808894,1.61251828056412,1.39667567955175,1.86254290484942,1.04367963692345,1.19206370655078,1.24682738364061,1.16369843630292,1.51991734491657,1.09743857993625,1.70236589000671,1.28048273468413,1.12151050247322,1.95571839201996,1.33394902727285,1.57574499239016,1.56628001461098,1.04143171712823,1.20182402487929,1.83341406603968,1.06913756628946,1.07247516143717,1.3497838528593,1.71703507458653,53.7613744217723,1.82134333617116,1.66419882404813,1.79271672470156,1.44448191320732,1.70841490463746,1.61249349900172,1.49591176654022,1.92127542333737,1.26613400982047,1.26437669399398,1.32589422973147,1.68118459018002,1.939795801388,1.71717952597755,1.20062423832744
1.49978485773308,1.06582717321153,1.27454591182738,1.7689429613617,1.00556512642911,1.93880859247353,1.82651329917205,1.14299690078152,1.94947774892183,1.57764749581816,1.8459232486067,1.84032136799783,1.16917365424762,1.94994101345071,1.50527776754707,1.13192271680195,1.07518828477486,1.52041467815657,1.201228635945,1.51205565664547,1.52932421841162,1.96645771244842,1.04048944639065,1.79498152564977,1.76563706005255,1.92714526873415,1.13800825511013,1.22204014669267,1.50395907578243,1.0347218434488,1.35817217843522,1.4409094697055,1.95454820057123,1.30890772785475,1.10236863936408,1.19175828769419,1.82134333617116,53.077626836988,1.02065382945382,1.05092434308069,1.76687790396012,1.60143581666119,1.46541556551373,1.34540039782664,1.90159758455194,1.09057419704766,1.68529731393107,1.02310268768254,1.37993165262972,1.8179109542714,1.58908970448612,1.37770401238357
1.068111401083,1.08656731112235,1.03924210092018,1.48973878542415,1.93781338722343,1.69537624190346,1.74144104530171,1.07927189817618,1.70391390319165,1.62344617565323,1.38084721350151,1.68819542400921,1.81595827071739,1.61296626907446,1.46682624261213,1.99201771895961,1.10991440252863,1.06757184726539,1.1021890552259,1.71037486414908,1.9043367998229,1.52406078927408,1.783007052626,1.13369010255378,1.49857035023094,1.91712949048594,1.01983969706103,1.66671906023599,1.98332020267067,1.62959421408809,1.25277672114446,1.99485816620051,1.35874147403927,1.37018135253814,1.35180023561781,1.7614100695408,1.66419882404813,1.02065382945382,53.9207454914789,1.58451574695507,1.86026111145516,1.70847963481605,1.39315455797741,1.00881980685928,1.3119300619289,1.30643273019531,1.88652483275464,1.99300732696103,1.24036473186704,1.81515420173069,1.44096249455631,1.77573255066561
1.21587311952183,1.60163467964234,1.35891871217588,1.17569907809407,1.76507178729636,1.95737932154787,1.9298440338717,1.06058800316443,1.65231702041454,1.28468187678823,1.68219057129798,1.89709481824985,1.69201673878916,1.15910849168855,1.68469252236406,1.43059596113423,1.61631390155121,1.17633828948081,1.1855513305336,1.96897047989488,1.74782154278263,1.72101658197167,1.90204004985375,1.24373665603052,1.68363140322437,1.21579408469414,1.46236197997926,1.22192654443063,1.58544189463623,1.72758679870869,1.16629362020935,1.30135318185266,1.90971985222293,1.05103432668887,1.23013856412384,1.9069541794746,1.79271672470156,1.05092434308069,1.58451574695507,53.3279189878739,1.83625427299936,1.30054585277128,1.74998910760041,1.17588471024106,1.60350372437551,1.84946947491237,1.59621554780575,1.6069877476464,1.86969533323762,1.60106213185986,1.47073288144112,1.59840082591325
1.08035404611395,1.39759992873184,1.65176684393164,1.4187812420627,1.86049706156389,1.94583436564814,1.3968006188035,1.51760198106878,1.4577423676186,1.99245540145433,1.42032964826577,1.52606217354818,1.0070522376369,1.90730058304374,1.97655643940743,1.81662785532727,1.93601075929404,1.08626031879627,1.84052435347835,1.5169003771231,1.79030734849642,1.54241491413788,1.57266083991745,1.43137656591431,1.37041268887483,1.10368411760017,1.71330040773065,1.65426590463811,1.66753610440881,1.8651250236971,1.25619915931309,1.19281797352844,1.12365450808949,1.56512983542175,1.81381782694432,1.98666649031763,1.44448191320732,1.76687790396012,1.86026111145516,1.83625427299936,53.9020662237434,1.27369347879369,1.61873324709885,1.20412223609356,1.21102953665472,1.89683569823244,1.11217339900889,1.18399602136761,1.6063673005469,1.34814354979812,1.99321677907985,1.6164447560983
1.03846558790582,1.58249209522386,1.82920606007297,1.19226777050284,1.94121271275972,1.88692990219543,1.68507760282842,1.70163155566046,1.16635951873211,1.76013401977724,1.14530105429948,1.45506470159398,1.04832413096369,1.28156484490333,1.69725971096068,1.20764997564612,1.04109899748168,1.70837493646349,1.99902122048616,1.53521405930408,1.61883779597415,1.82469099565628,1.89469231008305,1.09171683392102,1.06751556604519,1.35989201737563,1.03250935395831,1.820933335843,1.5624285645608,1.5822663770906,1.4376215988014,1.42541725301436,1.87866242224288,1.00776673993457,1.09599847537279,1.10438906825352,1.70841490463746,1.60143581666119,1.70847963481605,1.30054585277128,1.27369347879369,53.9925028928521,1.23590224992293,1.58537335255433,1.80091929193629,1.54938577886177,1.32135565826732,1.14257500886106,1.67648810505703,1.81986313677387,1.38629694999489,1.07728390958034
1.78794674937983,1.36680133797545,1.10245083323794,1.73653559281329,1.55608518307846,1.73902443178884,1.00018226681286,1.42306497200535,1.45593670078364,1.48547231009485,1.5539243601048,1.56936504485522,1.37113969091845,1.55626089850267,1.28781129433206,1.85121810010225,1.09190223230603,1.8524562427087,1.98551523545082,1.84996175386475,1.8455904609736,1.28870974075455,1.15426326270879,1.18472574194182,1.27607863176431,1.58205864978119,1.4555869723929,1.62069784319992,1.00109019037387,1.9183193244591,1.56894163022234,1.15071893443853,1.13765582960921,1.82969105235752,1.06199131396692,1.66311271379847,1.61249349900172,1.46541556551373,1.39315455797741,1.74998910760041,1.61873324709885,1.23590224992293,53.2807399338487,1.97790159470304,1.79123966339568,1.64907272842204,1.17083777402101,1.03406998516716,1.08643558299469,1.42317990233338,1.74153188836832,1.51630133088506
1.27864879988071,1.93689099044394,1.55315092231759,1.22464706759185,1.65306811391053,1.49662367696717,1.19896894842338,1.54146435462938,1.1076420886012,1.37981273484408,1.91565110716766,1.92243952160815,1.42034639204868,1.77778581426376,1.58083023902999,1.38056670566116,1.83752458954115,1.46300762401102,1.61335887509089,1.21946477015478,1.71745960866914,1.29558514351751,1.84440731948447,1.72407320827435,1.93051977452381,1.67893860986407,1.28048844555416,1.26344236743797,1.27876166639792,1.35443935466671,1.70949588004011,1.29633058481679,1.57430361284609,1.51604921767304,1.38684393530099,1.23423710383206,1.49591176654022,1.34540039782664,1.00881980685928,1.17588471024106,1.20412223609356,1.58537335255433,1.97790159470304,53.8577769593605,1.14925252560026,1.35588480921271,1.75830528687607,1.81932294267198,1.10801983862557,1.89824440558359,1.19186805104458,1.69501529200702
1.28369352420964,1.80508431364088,1.70086108180734,1.9360175956674,1.93868998295567,1.74776748090413,1.45514174897929,1.39627967234528,1.6457338261631,1.86108637687801,1.38022204180258,1.46365227339028,1.54849286915199,1.75227256945906,1.55316672220508,1.58481679930576,1.79633253710174,1.48949758545007,1.69623905126762,1.59648733427584,1.99150501889712,1.73191463701982,1.89882227773723,1.24347221210761,1.28104329774205,1.83648109335288,1.92861970277905,1.66156758026293,1.19327995329782,1.02161170450114,1.01130539039676,1.2530694153407,1.14988927363879,1.50077677820845,1.58603962957209,1.37570987193645,1.92127542333737,1.90159758455194,1.3119300619289,1.60350372437551,1.21102953665472,1.80091929193629,1.79123966339568,1.14925252560026,53.2641461828091,1.34017298665837,1.85771527740067,1.40115734767223,1.92390610320675,1.45478801636714,1.46085917924571,1.88078353222496
