53.8184584001165,1.8704968271174,1.17251691463055,1.96846985396392,1.36463661927946,1.8125986376836,1.76310077857371,1.1792225298375,1.53042158276328,1.40954846162794,1.18490326226917,1.12281949637589,1.73739444824746,1.04390233617458,1.35790304390616,1.48748944908729,1.49330167076238,1.77842499491685,1.44616711486418,1.63247761299483,1.77876854258532,1.13222378498512,1.43256049437102,1.40990178259551,1.49663054640248,1.45282567686067,1.07363475303801,1.72813660359389,1.70219251220217,1.81008733474188,1.80056048641007,1.52065091231868,1.68058416139362,1.97307740104062,1.48912076581694,1.04522078020741,1.78567603872422,1.25222154392499,1.22444331004491,1.31609762102184,1.66177000555292,1.40934657231408,1.43891711786339,1.39916445333472,1.45324890848866,1.79682016176955,1.88665390242201,1.94655057971671,1.57524515622074,1.33282101682053,1.57902819224588,1.35401369880606
1.8704968271174,53.0115886861512,1.76391548140157,1.9616753486738,1.46441436347757,1.83755023443957,1.68981195180202,1.16660687521408,1.64763756871579,1.4903724382121,1.68725778753276,1.32822172964375,1.46344983878706,1.17637855288404,1.37344251031682,1.24912587704562,1.42860009727469,1.59788582036173,1.56522349853312,1.09037010236195,1.00723239267582,1.00414061593085,1.48953455616233,1.46048130116448,1.80096077770039,1.37618845811868,1.40703188041553,1.37620593345547,1.70900947540487,1.98606007266141,1.73021963226154,1.17405427721052,1.99764875927831,1.4941351136631,1.13572962541866,1.46206312229022,1.33168534763701,1.82554157722068,1.62866999750429,1.97932291681847,1.31591401496712,1.31592778503705,1.30754464599655,1.77936385421984,1.49230633792109,1.68098715631337,1.0284897307998,1.92090643519578,1.2788729766751,1.59371322933292,1.01127653755773,1.28610536935092
1.17251691463055,1.76391548140157,53.7465866705154,1.3988146224985,1.87699955183873,1.15361855093093,1.77502055641963,1.58600902677793,1.13967862312667,1.50524018821551,1.76006330398846,1.13732738193931,1.99937530187861,1.89579292940711,1.59939050422953,1.33106064951562,1.72133450662779,1.22806050173382,1.31038356586843,1.03724852112925,1.54398828677087,1.61792821186498,1.81661237534909,1.0362946242263,1.29891536817835,1.84510210661455,1.95720105988774,1.57778834485346,1.43881533548181,1.96847759744547,1.86389371420438,1.03666918074557,1.46928869069986,1.61048038425412,1.43548380324407,1.34628824207293,1.76409893518505,1.21050435919804,1.93229726931653,1.90377755877738,1.7157445478792,1.69236057283932,1.04110494025103,1.71511984929215,1.58815350224644,1.64049544494622,1.04618049834211,1.30948800840857,1.86855594668004,1.35656406421054,1.34673652953782,1.41254423298526
1.96846985396392,1.9616753486738,1.3988146224985,53.2734076442539,1.0084510110358,1.40603991663365,1.85119598910734,1.44726634651761,1.37451751361346,1.71508970284606,1.48393552726318,1.84380620431332,1.32557008663452,1.91941933097291,1.19009444638625,1.08966902181956,1.12992368970528,1.12239171523712,1.99344658059694,1.84566823758449,1.81475228807645,1.03455152038231,1.56078808687664,1.40290578985722,1.67504696532853,1.60696858521875,1.71239379826579,1.54360291154292,1.96353264989496,1.05913032780361,1.95614714452817,1.93802492597048,1.22247923269052,1.40498600173974,1.2114325697587,1.23093024372632,1.81102591837338,1.06262855840038,1.67819659024393,1.18554343198684,1.77771826124644,1.16213211750711,1.0293496358345,1.10328834741529,1.08155144801436,1.21944408222076,1.19295736923486,1.21147513771964,1.34183579745788,1.18640394936614,1.05714337530413,1.15658808553432
1.36463661927946,1.46441436347757,1.87699955183873,1.0084510110358,53.2249000469339,1.27188767365734,1.43960534708556,1.18843269636316,1.33101800146094,1.39575249114807,1.12645762186798,1.55349723415146,1.80073849288781,1.33789019162668,1.78442747787779,1.6117644112612,1.40051875002706,1.46262406765606,1.79730784324804,1.17823701080784,1.62475618516316,1.82665747908254,1.2815253586888,1.70630763317752,1.0461015613033,1.47448272792366,1.91778277136282,1.38793735876118,1.66088667775546,1.97492614666695,1.5445254442955,1.88184214796957,1.59285760838206,1.10401931968705,1.77784458304655,1.81775765531592,1.37590699334438,1.21744992966645,1.00619035167908,1.70692499480533,1.61320242128018,1.13264797354706,1.26042222849113,1.41394091370233,1.47053816563941,1.04484970590326,1.02570532449787,1.87105691566647,1.50747377355931,1.82301316774591,1.04929392647431,1.13222995872247
1.8125986376836,1.83755023443957,1.15361855093093,1.40603991663365,1.27188767365734,53.7563203627972,1.08370956642726,1.46618869037656,1.73124650899845,1.62823501118842,1.34803083788046,1.32410411691484,1.73225433087547,1.12587542092701,1.14186177223076,1.10816132375419,1.34332535059346,1.14805212390984,1.81508631855952,1.95652777187365,1.2807000974569,1.07550854658499,1.37046868557598,1.75123826309631,1.12035825248824,1.39617401007385,1.62229517876277,1.62783202604755,1.21918717781975,1.67158910523708,1.76006198477003,1.8688578246482,1.00240838993453,1.59859957667002,1.56463003231428,1.80771040302129,1.35491993900152,1.64833959874154,1.27389909339785,1.08616644799996,1.2765746094643,1.62192993127831,1.41027056491481,1.00882893987411,1.74780535220532,1.55213233714557,1.1169902636283,1.09113070279878,1.70018446105541,1.93207658218782,1.04765847420677,1.98088455897797
1.76310077857371,1.68981195180202,1.77502055641963,1.85119598910734,1.43960534708556,1.08370956642726,53.7557754073086,1.03348834767634,1.02600710467715,1.51583739161298,1.90234617232454,1.02841549461168,1.11443696781734,1.46697620417316,1.83612589809863,1.46935690728452,1.11531580244904,1.11002499103082,1.55552335528448,1.39189041237901,1.73195492230912,1.96579392019929,1.40071935225312,1.47976027451444,1.51792625734486,1.51770961634708,1.57089097731323,1.21811071793461,1.44978619806924,1.61854945151999,1.19899527644692,1.45737132684205,1.03667661130274,1.93111809852119,1.58531470763745,1.85097778162499,1.28553609796126,1.34109011448039,1.88446612930133,1.31154320310407,1.85692750655903,1.78681230116021,1.33995869771575,1.97136447437637,1.25378850486772,1.17608459534873,1.44072138119523,1.36910430731676,1.28610958637954,1.99624473647971,1.76099471969576,1.01806450868867
1.1792225298375,1.16660687521408,1.58600902677793,1.44726634651761,1.18843269636316,1.46618869037656,1.03348834767634,53.1292098858995,1.68726521157067,1.89707090840539,1.58658121274159,1.7239418228734,1.82818900646092,1.17189592037904,1.57491960403273,1.11372510395652,1.51298603485943,1.4593857328684,1.42526830706059,1.3699135409528,1.24619803356295,1.76522700524201,1.34127801532917,1.49998653843067,1.94131160059074,1.78199939652439,1.86909084621309,1.22742118697028,1.7782441330041,1.63008556544319,1.24548569565894,1.74028278921744,1.79179963739207,1.74331047886205,1.22024770230998,1.47122332522237,1.81202623891273,1.91832333380278,1.60043321158757,1.49929145001773,1.81539424174251,1.1870144238635,1.22323327289113,1.64358324773776,1.35891034424254,1.79815287692386,1.75730835215995,1.87189637956763,1.25753860979226,1.18257665875488,1.24180992005477,1.50373664335522
1.53042158276328,1.64763756871579,1.13967862312667,1.37451751361346,1.33101800146094,1.73124650899845,1.02600710467715,1.68726521157067,53.5028995929765,1.36202214675118,1.88361425366421,1.29469923036857,1.10533262514758,1.10386195550853,1.76592255559094,1.9173588640603,1.02218528884565,1.36635576671285,1.41665031361238,1.83757953105382,1.55337019104202,1.63988358650351,1.48116277832592,1.91228053528456,1.43803646342737,1.2384711300202,1.78417691438653,1.69557507321964,1.42104778924074,1.02598683444131,1.19931171610919,1.36885145277197,1.60907476982524,1.20303489789508,1.25796671689393,1.97416210173357,1.07584892542839,1.37450316798617,1.11749356571468,1.57874851887056,1.73652531473736,1.00110781891323,1.87344774923914,1.84185793988493,1.10496977442176,1.63937030436442,1.75921680347957,1.12715506373307,1.00572607107727,1.17586711709195,1.96473459478688,1.55909626211929
1.40954846162794,1.4903724382121,1.50524018821551,1.71508970284606,1.39575249114807,1.62823501118842,1.51583739161298,1.89707090840539,1.36202214675118,53.148673955886,1.47426774468006,1.89061531559127,1.35170885378109,1.73223446203965,1.86477741732485,1.42755777967514,1.10673762956017,1.98227098303953,1.00630629808004,1.84326294476318,1.98337880241842,1.87975404731918,1.68512088418245,1.08834857637451,1.51912435121793,1.44433768766203,1.21550364010758,1.52485042229521,1.62020480475398,1.1802382344288,1.08394668394883,1.43595550788378,1.6261356075416,1.55532348135268,1.68974267490662,1.31050411020895,1.81087719267741,1.63910491421777,1.41592040211704,1.09241773797777,1.78777887010378,1.8901881467971,1.98303305356905,1.13948772388487,1.62242260837109,1.84781047042823,1.56704550356001,1.72916023839692,1.83008145346776,1.57335180164005,1.57242318269444,1.81346025542052
1.18490326226917,1.68725778753276,1.76006330398846,1.48393552726318,1.12645762186798,1.34803083788046,1.90234617232454,1.58658121274159,1.88361425366421,1.47426774468006,53.758042066711,1.92368631387301,1.13635078684257,1.44778474115198,1.2341904236163,1.94722797951998,1.08688965490409,1.65011082573333,1.03964571703209,1.87466852547353,1.54029897253043,1.02267877060113,1.01415624889273,1.16272158043586,1.87048924102936,1.58120175245274,1.89188181883277,1.70057069403146,1.15455355362713,1.46430500106155,1.51403094898631,1.6076594021207,1.72184906793844,1.41583978078134,1.57988960136654,1.42373082154604,1.53315225268395,1.07697022290759,1.74581738037328,1.83070295901536,1.6579975293288,1.50385944661864,1.75438927288837,1.79434831617137,1.95164418777062,1.98857969650467,1.74157629569134,1.03853384220904,1.638690522238,1.78122201272343,1.91320236768257,1.17898949430277
1.12281949637589,1.32822172964375,1.13732738193931,1.84380620431332,1.55349723415146,1.32410411691484,1.02841549461168,1.7239418228734,1.29469923036857,1.89061531559127,1.92368631387301,53.4197469621057,1.30483144768739,1.85066292567675,1.84347778411744,1.83798370037134,1.92763314858434,1.58929516402506,1.66868665892104,1.58563067744748,1.09315461017804,1.42307593134375,1.37997899361885,1.044798797483,1.41165562784842,1.12155528884453,1.08333263969204,1.05034614962076,1.90277730156797,1.99653500784027,1.22933564392353,1.70667808489254,1.92389362394991,1.57104671866216,1.38106810878081,1.43245399251229,1.80463961223356,1.75602882670054,1.09556791423614,1.50253750686652,1.64502049360658,1.36634123854634,1.92228446897226,1.94985194129397,1.21700416375743,1.76576225262404,1.78783564119965,1.14463731187612,1.35505741618344,1.45652230012069,1.73026798978926,1.44821202636147
1.73739444824746,1.46344983878706,1.99937530187861,1.32557008663452,1.80073849288781,1.73225433087547,1.11443696781734,1.82818900646092,1.10533262514758,1.35170885378109,1.13635078684257,1.30483144768739,53.1419823710537,1.22232576609697,1.92922608737332,1.94662198328721,1.97835459326317,1.02479400160946,1.44915948968807,1.62337508640409,1.3911352401558,1.37144395866033,1.57322702769806,1.60813940391324,1.1372062108187,1.36106266843205,1.75277671578935,1.4922636274678,1.81758496855273,1.48304470511295,1.94047565382927,1.69718320001717,1.5932916880554,1.43348647767375,1.98843705886436,1.82509395984239,1.00982994121026,1.33003706733232,1.95967353319734,1.58270841258704,1.90097271972381,1.80093119051351,1.07948050698241,1.0429550903118,1.02325695661048,1.00870659435573,1.98957707406468,1.00161154940799,1.03350059596519,1.43873656328709,1.62498663581209,1.42463583612099
1.04390233617458,1.17637855288404,1.89579292940711,1.91941933097291,1.33789019162668,1.12587542092701,1.46697620417316,1.17189592037904,1.10386195550853,1.73223446203965,1.44778474115198,1.85066292567675,1.22232576609697,53.0624815584451,1.68698230836866,1.82344243248154,1.39251862577746,1.64665584110034,1.40615084460292,1.29349134503561,1.44758703114818,1.48563135205099,1.33644643581307,1.47084398775866,1.49433794640672,1.32602350941208,1.47245553716666,1.52783854237191,1.76476007269917,1.09744217297874,1.9524743784929,1.57494059464659,1.29565583602323,1.98524961806147,1.52232732741271,1.85493216796542,1.77080157295372,1.96197768764662,1.23179346799468,1.03939823295893,1.3421037007785,1.30583796757545,1.90128658195086,1.15571619204977,1.36831952602059,1.58826888985386,1.97915862453131,1.76083815179804,1.23492473048853,1.38530946913423,1.05432949683365,1.68251176163671
1.35790304390616,1.37344251031682,1.59939050422953,1.19009444638625,1.78442747787779,1.14186177223076,1.83612589809863,1.57491960403273,1.76592255559094,1.86477741732485,1.2341904236163,1.84347778411744,1.92922608737332,1.68698230836866,53.8738414635294,1.6016428776093,1.5408051230669,1.10563493105845,1.64104111103389,1.88290882431106,1.41147289909957,1.54232769251909,1.03862501589517,1.77979242512015,1.13059658190729,1.01778363996082,1.5406305769182,1.36552131239582,1.40309310909505,1.59496007375184,1.04803307356687,1.2740339298146,1.98573600639856,1.20138882296225,1.63931269694088,1.7025354479917,1.82720010998994,1.53243000597341,1.18409496181835,1.55045356906506,1.37802169303318,1.24059507075725,1.56936286462907,1.20886299768876,1.81942250664319,1.4432043281585,1.81050587576372,1.36022762971009,1.54883925921695,1.45154698633195,1.24313645355549,1.96031215831652
1.48748944908729,1.24912587704562,1.33106064951562,1.08966902181956,1.6117644112612,1.10816132375419,1.46935690728452,1.11372510395652,1.9173588640603,1.42755777967514,1.94722797951998,1.83798370037134,1.94662198328721,1.82344243248154,1.6016428776093,53.5666145792076,1.14841485123542,1.74806164891834,1.11706814780695,1.52643654473426,1.98865671967559,1.68643101290168,1.73529954242301,1.80807922631878,1.12963534059452,1.54580541772107,1.16830685556322,1.67847459981147,1.99735240405302,1.41144330911871,1.63878675812799,1.99122708243841,1.69320477856938,1.378891341099,1.11569834226542,1.99274988798087,1.65962650098821,1.60569091495391,1.69538810648741,1.53532173416359,1.14371656120928,1.6720602552742,1.39675297327188,1.88313103089255,1.28804510053622,1.96071966037188,1.44974560963444,1.43645995177164,1.70878130882456,1.56681375744139,1.96289649650589,1.69743802850015
1.49330167076238,1.42860009727469,1.72133450662779,1.12992368970528,1.40051875002706,1.34332535059346,1.11531580244904,1.51298603485943,1.02218528884565,1.10673762956017,1.08688965490409,1.92763314858434,1.97835459326317,1.39251862577746,1.5408051230669,1.14841485123542,53.9539701998951,1.46661019114154,1.27398104373085,1.09768676063869,1.13867044595008,1.67073401700274,1.98081779153124,1.4267155464863,1.63145367690895,1.43056340070002,1.86317549825794,1.34023498526785,1.99737715860707,1.82607199476383,1.03767301330235,1.25062192801881,1.52426803322708,1.54319026765562,1.63350203895639,1.76826948941139,1.21701437710645,1.69485674923978,1.00962334918306,1.302281795676,1.39499821718549,1.24220429185881,1.08075399234926,1.47403102623021,1.59048357679997,1.85197607746905,1.21269033579747,1.54445377622938,1.31858626814493,1.48667137952832,1.64214053733374,1.45725671409502
1.77842499491685,1.59788582036173,1.22806050173382,1.12239171523712,1.46262406765606,1.14805212390984,1.11002499103082,1.4593857328684,1.36635576671285,1.98227098303953,1.65011082573333,1.58929516402506,1.02479400160946,1.64665584110034,1.10563493105845,1.74806164891834,1.46661019114154,53.8753806244933,1.22925351198262,1.02487781970989,1.11758491588644,1.31000750479754,1.4989088459401,1.70806849268641,1.16198358180094,1.71159918173756,1.25252226891579,1.48056984994587,1.19827056080022,1.89466280624953,1.93782656404089,1.35567595686562,1.51762113418319,1.82179882415654,1.14453502937431,1.57114286328253,1.56894658206447,1.27362908761652,1.62204175052328,1.14216633473624,1.44039615916107,1.9235625662485,1.23965412016942,1.15035349789558,1.85858541999878,1.10541139501399,1.0773252142022,1.48846502298883,1.98079201997295,1.30657872665049,1.51334284269872,1.09837693539372
1.44616711486418,1.56522349853312,1.31038356586843,1.99344658059694,1.79730784324804,1.81508631855952,1.55552335528448,1.42526830706059,1.41665031361238,1.00630629808004,1.03964571703209,1.66868665892104,1.44915948968807,1.40615084460292,1.64104111103389,1.11706814780695,1.27398104373085,1.22925351198262,53.729877966796,1.13635766419412,1.58799881655164,1.96953208743107,1.2867111620897,1.44658423655042,1.0749434819794,1.36403637675756,1.93504925953925,1.05573550148668,1.67061510340805,1.44839210177231,1.15411243734607,1.28720133439042,1.46064379041113,1.96055786589187,1.06577114717372,1.18449466078751,1.01952556242213,1.3249108099029,1.10661609196412,1.97315606566759,1.5218770362073,1.38441348000635,1.44440770216491,1.54064208620258,1.80674589788855,1.48680220241044,1.12835371779667,1.50270740292161,1.15123845317924,1.85823168505832,1.63906506711574,1.73923726973088
1.63247761299483,1.09037010236195,1.03724852112925,1.84566823758449,1.17823701080784,1.95652777187365,1.39189041237901,1.3699135409528,1.83757953105382,1.84326294476318,1.87466852547353,1.58563067744748,1.62337508640409,1.29349134503561,1.88290882431106,1.52643654473426,1.09768676063869,1.02487781970989,1.13635766419412,53.1601880361141,1.70543089029632,1.51020238805106,1.70083012231664,1.51217678771921,1.99700459092716,1.82918384011331,1.01488419064082,1.14824304364074,1.68741552470597,1.65394925775656,1.88748031337162,1.51517929626404,1.579725486962,1.07330181918726,1.41788655026717,1.869538092925,1.19417258407649,1.37632930575699,1.82996580183039,1.76343545120369,1.48888449859288,1.07759484466053,1.79334210874203,1.56199755685497,1.39099503513006,1.00774342613655,1.65463617753919,1.02930603503683,1.32876083642652,1.72043086342534,1.18949407115089,1.03419172625718
1.77876854258532,1.00723239267582,1.54398828677087,1.81475228807645,1.62475618516316,1.2807000974569,1.73195492230912,1.24619803356295,1.55337019104202,1.98337880241842,1.54029897253043,1.09315461017804,1.3911352401558,1.44758703114818,1.41147289909957,1.98865671967559,1.13867044595008,1.11758491588644,1.58799881655164,1.70543089029632,53.5720261887517,1.08761316122842,1.76720076509155,1.96302122388176,1.09535658736497,1.42183694216508,1.99232725938425,1.42411742379149,1.14226780512476,1.18182133006948,1.45830915004868,1.37290105613549,1.07214552353702,1.00467766402507,1.60053889807339,1.79165355711787,1.56593036864229,1.97641978318636,1.19857711447337,1.78113233101607,1.2397809812053,1.12067996855857,1.57605978035185,1.57644399887717,1.46066937291095,1.24052532214696,1.10727960062552,1.17698808255465,1.73495666577246,1.40155065357757,1.38219129079124,1.30698285405849
1.13222378498512,1.00414061593085,1.61792821186498,1.03455152038231,1.82665747908254,1.07550854658499,1.96579392019929,1.76522700524201,1.63988358650351,1.87975404731918,1.02267877060113,1.42307593134375,1.37144395866033,1.48563135205099,1.54232769251909,1.68643101290168,1.67073401700274,1.31000750479754,1.96953208743107,1.51020238805106,1.08761316122842,53.3947471195807,1.47958151971902,1.08787820352608,1.6352724417277,1.58686112034454,1.26486628608073,1.37022910750016,1.98841177392211,1.64705757733763,1.67721196155865,1.47757558826244,1.79644963275476,1.9472160394989,1.0620959904334,1.36767863033697,1.20954737589208,1.07073381639586,1.08117543257828,1.65370004328606,1.53768079240698,1.16757329142074,1.16999823328573,1.00930543244318,1.85451004833659,1.47794998086893,1.04686044112167,1.51786658797314,1.9844788429255,1.86554778081623,1.42100410881499,1.61168767307498
1.43256049437102,1.48953455616233,1.81661237534909,1.56078808687664,1.2815253586888,1.37046868557598,1.40071935225312,1.34127801532917,1.48116277832592,1.68512088418245,1.01415624889273,1.37997899361885,1.57322702769806,1.33644643581307,1.03862501589517,1.73529954242301,1.98081779153124,1.4989088459401,1.2867111620897,1.70083012231664,1.76720076509155,1.47958151971902,53.6332501422769,1.87887677544676,1.40142008308387,1.68011058339854,1.39674336295423,1.38589892554372,1.54565836421478,1.81774747176922,1.99758659908436,1.80595326461175,1.71833309983757,1.69715247521976,1.70152060627077,1.20577984825046,1.66158463790155,1.96731705589561,1.68163837105112,1.27307437745532,1.91032546661344,1.63507248164856,1.6810137502295,1.80054991636451,1.65060258267941,1.45663175240934,1.90032174247332,1.73686650010611,1.31342518763311,1.65379361140253,1.36081120947414,1.33779191474327
1.40990178259551,1.46048130116448,1.0362946242263,1.40290578985722,1.70630763317752,1.75123826309631,1.47976027451444,1.49998653843067,1.91228053528456,1.08834857637451,1.16272158043586,1.044798797483,1.60813940391324,1.47084398775866,1.77979242512015,1.80807922631878,1.4267155464863,1.70806849268641,1.44658423655042,1.51217678771921,1.96302122388176,1.08787820352608,1.87887677544676,53.322585906518,1.13162631407921,1.30581834973107,1.05945240615842,1.44505150171232,1.9596119611336,1.42026361563255,1.78284341645559,1.53687567475106,1.41432496738356,1.99951210617996,1.51555947191806,1.08849690253311,1.6129241583929,1.88014219462878,1.30832720143177,1.04408368190941,1.24231151549253,1.33411076494218,1.19357630572914,1.30163331157604,1.0614149342577,1.54884877779933,1.0225397455611,1.75603615946883,1.58575962045498,1.01652055746714,1.36098285036207,1.25774294429354
1.49663054640248,1.80096077770039,1.29891536817835,1.67504696532853,1.0461015613033,1.12035825248824,1.51792625734486,1.94131160059074,1.43803646342737,1.51912435121793,1.87048924102936,1.41165562784842,1.1372062108187,1.49433794640672,1.13059658190729,1.12963534059452,1.63145367690895,1.16198358180094,1.0749434819794,1.99700459092716,1.09535658736497,1.6352724417277,1.40142008308387,1.13162631407921,53.4499813809292,1.53097168148075,1.0227558016883,1.03574100091855,1.54749223894789,1.38373865205037,1.29348394521209,1.2390073580849,1.1502181096702,1.87381279602359,1.06214879083547,1.22251591655543,1.51359405252784,1.33034172576402,1.25442568457426,1.57363892466465,1.38137807714817,1.82321112780981,1.04800876418502,1.43192653424662,1.90755604203211,1.61087550670415,1.09539914927231,1.87204315088319,1.48206945065505,1.80295544713873,1.07884177429548,1.68737415908248
1.45282567686067,1.37618845811868,1.84510210661455,1.60696858521875,1.47448272792366,1.39617401007385,1.51770961634708,1.78199939652439,1.2384711300202,1.44433768766203,1.58120175245274,1.12155528884453,1.36106266843205,1.32602350941208,1.01778363996082,1.54580541772107,1.43056340070002,1.71159918173756,1.36403637675756,1.82918384011331,1.42183694216508,1.58686112034454,1.68011058339854,1.30581834973107,1.53097168148075,53.2059392659953,1.59055828656562,1.58529387115747,1.00889471266833,1.66940006132675,1.27266802977429,1.71298276340262,1.25667377107622,1.2267618315419,1.86705219413482,1.37491916277209,1.20361143546347,1.05686262578557,1.04065679341585,1.56419969143542,1.54015700264841,1.94540178214451,1.07500605661189,1.89726417553484,1.91229556170865,1.80832833880946,1.76796540001778,1.20953106703681,1.79607630558129,1.21230554916538,1.88814464951313,1.60703539969727
1.07363475303801,1.40703188041553,1.95720105988774,1.71239379826579,1.91778277136282,1.62229517876277,1.57089097731323,1.86909084621309,1.78417691438653,1.21550364010758,1.89188181883277,1.08333263969204,1.75277671578935,1.47245553716666,1.5406305769182,1.16830685556322,1.86317549825794,1.25252226891579,1.93504925953925,1.01488419064082,1.99232725938425,1.26486628608073,1.39674336295423,1.05945240615842,1.0227558016883,1.59055828656562,53.3249870209605,1.33982444337561,1.26810845419211,1.21313167047367,1.94685984307288,1.97276291762142,1.21181643624409,1.27241037845258,1.78064180108748,1.41644046800977,1.18851920086356,1.17381455524537,1.62995921244377,1.77402808413563,1.83965534010886,1.5564607202804,1.61621073848391,1.73225795604859,1.35001442178619,1.83331255606996,1.8284720074518,1.20043074907755,1.09107116614053,1.48888574982476,1.59100407901732,1.29423155882127
1.72813660359389,1.37620593345547,1.57778834485346,1.54360291154292,1.38793735876118,1.62783202604755,1.21811071793461,1.22742118697028,1.69557507321964,1.52485042229521,1.70057069403146,1.05034614962076,1.4922636274678,1.52783854237191,1.36552131239582,1.67847459981147,1.34023498526785,1.48056984994587,1.05573550148668,1.14824304364074,1.42411742379149,1.37022910750016,1.38589892554372,1.44505150171232,1.03574100091855,1.58529387115747,1.33982444337561,53.8302900967329,1.01924326923641,1.90393229057264,1.12452165508853,1.24354881804602,1.78277387459892,1.5342091682992,1.01160250418428,1.71741836365192,1.2688837024704,1.11948063416382,1.9201713073627,1.21668990664961,1.17421860675058,1.09568716776356,1.37631254753857,1.50136695778992,1.05184482925192,1.95237565597164,1.01703450969282,1.1818170464513,1.15839797638282,1.30673014573135,1.15144460329388,1.92088101754006
1.70219251220217,1.70900947540487,1.43881533548181,1.96353264989496,1.66088667775546,1.21918717781975,1.44978619806924,1.7782441330041,1.42104778924074,1.62020480475398,1.15455355362713,1.90277730156797,1.81758496855273,1.76476007269917,1.40309310909505,1.99735240405302,1.99737715860707,1.19827056080022,1.67061510340805,1.68741552470597,1.14226780512476,1.98841177392211,1.54565836421478,1.9596119611336,1.54749223894789,1.00889471266833,1.26810845419211,1.01924326923641,53.7769130811919,1.15139617358865,1.33441717612297,1.9895496014457,1.0047262897737,1.36779565567514,1.94140505136056,1.38841392537039,1.71410234724828,1.72355059754269,1.79134483066916,1.96434132892841,1.63021779881335,1.43782455308262,1.99735418474179,1.07109416838321,1.09590678014602,1.74778540420709,1.78085424088913,1.87346964183891,1.41838793056942,1.70730422004466,1.82525110981672,1.18467762469532
1.81008733474188,1.98606007266141,1.96847759744547,1.05913032780361,1.97492614666695,1.67158910523708,1.61854945151999,1.63008556544319,1.02598683444131,1.1802382344288,1.46430500106155,1.99653500784027,1.48304470511295,1.09744217297874,1.59496007375184,1.41144330911871,1.82607199476383,1.89466280624953,1.44839210177231,1.65394925775656,1.18182133006948,1.64705757733763,1.81774747176922,1.42026361563255,1.38373865205037,1.66940006132675,1.21313167047367,1.90393229057264,1.15139617358865,53.5710970231197,1.40760273784753,1.37953797512666,1.84949655870418,1.41041488638633,1.6447429031342,1.59807902928352,1.4131786052199,1.32348398972465,1.12357458105477,1.56733849810778,1.33664225243807,1.63861973427172,1.7262246803037,1.71759617129229,1.0950699379179,1.27352478787001,1.81265243646347,1.27507073910677,1.61216972610549,1.87205003056305,1.08528933910899,1.38863921742357
1.80056048641007,1.73021963226154,1.86389371420438,1.95614714452817,1.5445254442955,1.76006198477003,1.19899527644692,1.24548569565894,1.19931171610919,1.08394668394883,1.51403094898631,1.22933564392353,1.94047565382927,1.9524743784929,1.04803307356687,1.63878675812799,1.03767301330235,1.93782656404089,1.15411243734607,1.88748031337162,1.45830915004868,1.67721196155865,1.99758659908436,1.78284341645559,1.29348394521209,1.27266802977429,1.94685984307288,1.12452165508853,1.33441717612297,1.40760273784753,53.7553572430067,1.01374791190668,1.20976045178704,1.01637273142877,1.74708690296257,1.83852956855601,1.02323413361946,1.70335100717067,1.83676991417854,1.60119255846422,1.06721784876064,1.21454823446206,1.0286475415475,1.8414995772026,1.23706945834545,1.0541815539143,1.0289599103988,1.58307467195349,1.20329014733587,1.78375874216843,1.26572213753393,1.99101847549482
1.52065091231868,1.17405427721052,1.03666918074557,1.93802492597048,1.88184214796957,1.8688578246482,1.45737132684205,1.74028278921744,1.36885145277197,1.43595550788378,1.6076594021207,1.70667808489254,1.69718320001717,1.57494059464659,1.2740339298146,1.99122708243841,1.25062192801881,1.35567595686562,1.28720133439042,1.51517929626404,1.37290105613549,1.47757558826244,1.80595326461175,1.53687567475106,1.2390073580849,1.71298276340262,1.97276291762142,1.24354881804602,1.9895496014457,1.37953797512666,1.01374791190668,53.4142121050573,1.12628430133978,1.93315970522033,1.4335426583111,1.00514614908264,1.96484545150997,1.81959123714808,1.96895410072475,1.23968954162658,1.96099705899181,1.94650996380789,1.72429408399588,1.1187756122643,1.67115272938793,1.04742819398987,1.29978829915625,1.09914650213865,1.20733221862807,1.08199354451243,1.59435812365001,1.58178447819398
1.68058416139362,1.99764875927831,1.46928869069986,1.22247923269052,1.59285760838206,1.00240838993453,1.03667661130274,1.79179963739207,1.60907476982524,1.6261356075416,1.72184906793844,1.92389362394991,1.5932916880554,1.29565583602323,1.98573600639856,1.69320477856938,1.52426803322708,1.51762113418319,1.46064379041113,1.579725486962,1.07214552353702,1.79644963275476,1.71833309983757,1.41432496738356,1.1502181096702,1.25667377107622,1.21181643624409,1.78277387459892,1.0047262897737,1.84949655870418,1.20976045178704,1.12628430133978,53.1908423021393,1.77738799190958,1.22579780184934,1.48758273361604,1.16529057601713,1.05200296270289,1.93375301637396,1.0135116870578,1.93755108767075,1.79413540372352,1.9880170999039,1.75625891692762,1.08806044891852,1.96766866136699,1.53981219722881,1.20157673172726,1.91627432308918,1.56305501915657,1.27609007306215,1.81138994815358
1.97307740104062,1.4941351136631,1.61048038425412,1.40498600173974,1.10401931968705,1.59859957667002,1.93111809852119,1.74331047886205,1.20303489789508,1.55532348135268,1.41583978078134,1.57104671866216,1.43348647767375,1.98524961806147,1.20138882296225,1.378891341099,1.54319026765562,1.82179882415654,1.96055786589187,1.07330181918726,1.00467766402507,1.9472160394989,1.69715247521976,1.99951210617996,1.87381279602359,1.2267618315419,1.27241037845258,1.5342091682992,1.36779565567514,1.41041488638633,1.01637273142877,1.93315970522033,1.77738799190958,53.709134728978,1.49607113865021,1.70672215414547,1.75220788770924,1.60392548171986,1.24424923083011,1.05505402668149,1.29586162059375,1.24969343666439,1.54874246825871,1.76518575184289,1.480935444348,1.53001364298631,1.39980045910915,1.76418041473449,1.44503783408787,1.04792685343322,1.98497647232608,1.15419742891295
1.48912076581694,1.13572962541866,1.43548380324407,1.2114325697587,1.77784458304655,1.56463003231428,1.58531470763745,1.22024770230998,1.25796671689393,1.68974267490662,1.57988960136654,1.38106810878081,1.98843705886436,1.52232732741271,1.63931269694088,1.11569834226542,1.63350203895639,1.14453502937431,1.06577114717372,1.41788655026717,1.60053889807339,1.0620959904334,1.70152060627077,1.51555947191806,1.06214879083547,1.86705219413482,1.78064180108748,1.01160250418428,1.94140505136056,1.6447429031342,1.74708690296257,1.4335426583111,1.22579780184934,1.49607113865021,53.5300590766268,1.84105418615092,1.2354651448482,1.33802805763577,1.39987499285484,1.46056624150861,1.4774734650168,1.34920991414655,1.42993321289771,1.32605360091014,1.79461597455415,1.10602233843227,1.92684162497839,1.84394751575028,1.02636069433128,1.5826836747968,1.18914067754016,1.19639248736035
1.04522078020741,1.46206312229022,1.34628824207293,1.23093024372632,1.81775765531592,1.80771040302129,1.85097778162499,1.47122332522237,1.97416210173357,1.31050411020895,1.42373082154604,1.43245399251229,1.82509395984239,1.85493216796542,1.7025354479917,1.99274988798087,1.76826948941139,1.57114286328253,1.18449466078751,1.869538092925,1.79165355711787,1.36767863033697,1.20577984825046,1.08849690253311,1.22251591655543,1.37491916277209,1.41644046800977,1.71741836365192,1.38841392537039,1.59807902928352,1.83852956855601,1.00514614908264,1.48758273361604,1.70672215414547,1.84105418615092,53.5518488839976,1.88519388990719,1.80175816072233,1.91965407455324,1.54782538793414,1.83709393434091,1.52963583847957,1.57261245538137,1.15768060421463,1.6696766790327,1.43845370897951,1.71373241986788,1.14774557722162,1.70416995543249,1.73035047702973,1.10328794089299,1.31909611556637
1.78567603872422,1.33168534763701,1.76409893518505,1.81102591837338,1.37590699334438,1.35491993900152,1.28553609796126,1.81202623891273,1.07584892542839,1.81087719267741,1.53315225268395,1.80463961223356,1.00982994121026,1.77080157295372,1.82720010998994,1.65962650098821,1.21701437710645,1.56894658206447,1.01952556242213,1.19417258407649,1.56593036864229,1.20954737589208,1.66158463790155,1.6129241583929,1.51359405252784,1.20361143546347,1.18851920086356,1.2688837024704,1.71410234724828,1.4131786052199,1.02323413361946,1.96484545150997,1.16529057601713,1.75220788770924,1.2354651448482,1.88519388990719,53.8845406253284,1.51849037991766,1.45140529910634,1.30929885399961,1.60222682757407,1.41423751386545,1.47620700228783,1.30864978922002,1.47732553979257,1.19496403410796,1.90026664077317,1.3421717255107,1.83337514048134,1.03970887932913,1.04411184556974,1.00142208440296
1.25222154392499,1.82554157722068,1.21050435919804,1.06262855840038,1.21744992966645,1.64833959874154,1.34109011448039,1.91832333380278,1.37450316798617,1.63910491421777,1.07697022290759,1.75602882670054,1.33003706733232,1.96197768764662,1.53243000597341,1.60569091495391,1.69485674923978,1.27362908761652,1.3249108099029,1.37632930575699,1.97641978318636,1.07073381639586,1.96731705589561,1.88014219462878,1.33034172576402,1.05686262578557,1.17381455524537,1.11948063416382,1.72355059754269,1.32348398972465,1.70335100717067,1.81959123714808,1.05200296270289,1.60392548171986,1.33802805763577,1.80175816072233,1.51849037991766,53.2518038275893,1.34483518001849,1.11007793951318,1.1825286374346,1.60622988250397,1.49709103652141,1.01566617145001,1.07770530650285,1.95106667417617,1.73334433125953,1.0676711104194,1.85644761093727,1.760321344603,1.65986374191002,1.17606606156382
1.22444331004491,1.62866999750429,1.93229726931653,1.67819659024393,1.00619035167908,1.27389909339785,1.88446612930133,1.60043321158757,1.11749356571468,1.41592040211704,1.74581738037328,1.09556791423614,1.95967353319734,1.23179346799468,1.18409496181835,1.69538810648741,1.00962334918306,1.62204175052328,1.10661609196412,1.82996580183039,1.19857711447337,1.08117543257828,1.68163837105112,1.30832720143177,1.25442568457426,1.04065679341585,1.62995921244377,1.9201713073627,1.79134483066916,1.12357458105477,1.83676991417854,1.96895410072475,1.93375301637396,1.24424923083011,1.39987499285484,1.91965407455324,1.45140529910634,1.34483518001849,53.8278190739582,1.56615721507285,1.97818972169337,1.62303375062674,1.94847067536249,1.37640257569794,1.91310191942058,1.89482998098006,1.97132132014787,1.45497391533804,1.18602446661611,1.67631800411098,1.1793745486901,1.08344883429047
1.31609762102184,1.97932291681847,1.90377755877738,1.18554343198684,1.70692499480533,1.08616644799996,1.31154320310407,1.49929145001773,1.57874851887056,1.09241773797777,1.83070295901536,1.50253750686652,1.58270841258704,1.03939823295893,1.55045356906506,1.53532173416359,1.302281795676,1.14216633473624,1.97315606566759,1.76343545120369,1.78113233101607,1.65370004328606,1.27307437745532,1.04408368190941,1.57363892466465,1.56419969143542,1.77402808413563,1.21668990664961,1.96434132892841,1.56733849810778,1.60119255846422,1.23968954162658,1.0135116870578,1.05505402668149,1.46056624150861,1.54782538793414,1.30929885399961,1.11007793951318,1.56615721507285,53.2992449879177,1.71497168611501,1.75360525434539,1.36665949615029,1.10047999308467,1.33631931586951,1.05925991528633,1.75679218664616,1.87110122659761,1.57967940838061,1.97926159481484,1.38407285808775,1.72313265210163
1.66177000555292,1.31591401496712,1.7157445478792,1.77771826124644,1.61320242128018,1.2765746094643,1.85692750655903,1.81539424174251,1.73652531473736,1.78777887010378,1.6579975293288,1.64502049360658,1.90097271972381,1.3421037007785,1.37802169303318,1.14371656120928,1.39499821718549,1.44039615916107,1.5218770362073,1.48888449859288,1.2397809812053,1.53768079240698,1.91032546661344,1.24231151549253,1.38137807714817,1.54015700264841,1.83965534010886,1.17421860675058,1.63021779881335,1.33664225243807,1.06721784876064,1.96099705899181,1.93755108767075,1.29586162059375,1.4774734650168,1.83709393434091,1.60222682757407,1.1825286374346,1.97818972169337,1.71497168611501,53.2101510396274,1.73586523241171,1.36549986496824,1.40698255105269,1.26941998594879,1.96116283627281,1.09901522989339,1.2911162359133,1.18660824940848,1.0902928966518,1.02778417199281,1.16565891688953
1.40934657231408,1.31592778503705,1.69236057283932,1.16213211750711,1.13264797354706,1.62192993127831,1.78681230116021,1.1870144238635,1.00110781891323,1.8901881467971,1.50385944661864,1.36634123854634,1.80093119051351,1.30583796757545,1.24059507075725,1.6720602552742,1.24220429185881,1.9235625662485,1.38441348000635,1.07759484466053,1.12067996855857,1.16757329142074,1.63507248164856,1.33411076494218,1.82321112780981,1.94540178214451,1.5564607202804,1.09568716776356,1.43782455308262,1.63861973427172,1.21454823446206,1.94650996380789,1.79413540372352,1.24969343666439,1.34920991414655,1.52963583847957,1.41423751386545,1.60622988250397,1.62303375062674,1.75360525434539,1.73586523241171,53.1450000759889,1.79349629198829,1.74871886928972,1.83985252205276,1.85366532944779,1.62164243153373,1.94184636973862,1.5631242187522,1.26760035812277,1.25399125705193,1.00844833953699
1.43891711786339,1.30754464599655,1.04110494025103,1.0293496358345,1.26042222849113,1.41027056491481,1.33995869771575,1.22323327289113,1.87344774923914,1.98303305356905,1.75438927288837,1.92228446897226,1.07948050698241,1.90128658195086,1.56936286462907,1.39675297327188,1.08075399234926,1.23965412016942,1.44440770216491,1.79334210874203,1.57605978035185,1.16999823328573,1.6810137502295,1.19357630572914,1.04800876418502,1.07500605661189,1.61621073848391,1.37631254753857,1.99735418474179,1.7262246803037,1.0286475415475,1.72429408399588,1.9880170999039,1.54874246825871,1.42993321289771,1.57261245538137,1.47620700228783,1.49709103652141,1.94847067536249,1.36665949615029,1.36549986496824,1.79349629198829,53.8215405712004,1.88667469233585,1.38783060637667,1.8402633261123,1.90180363920601,1.75068231474174,1.24850884091505,1.62839356745984,1.78024317593325,1.80175443263806
1.39916445333472,1.77936385421984,1.71511984929215,1.10328834741529,1.41394091370233,1.00882893987411,1.97136447437637,1.64358324773776,1.84185793988493,1.13948772388487,1.79434831617137,1.94985194129397,1.0429550903118,1.15571619204977,1.20886299768876,1.88313103089255,1.47403102623021,1.15035349789558,1.54064208620258,1.56199755685497,1.57644399887717,1.00930543244318,1.80054991636451,1.30163331157604,1.43192653424662,1.89726417553484,1.73225795604859,1.50136695778992,1.07109416838321,1.71759617129229,1.8414995772026,1.1187756122643,1.75625891692762,1.76518575184289,1.32605360091014,1.15768060421463,1.30864978922002,1.01566617145001,1.37640257569794,1.10047999308467,1.40698255105269,1.74871886928972,1.88667469233585,53.7490064598382,1.60153863420782,1.90112348268792,1.21952357153386,1.98151343594376,1.98823921754409,1.85030733367908,1.70645078677053,1.18473023883287
1.45324890848866,1.49230633792109,1.58815350224644,1.08155144801436,1.47053816563941,1.74780535220532,1.25378850486772,1.35891034424254,1.10496977442176,1.62242260837109,1.95164418777062,1.21700416375743,1.02325695661048,1.36831952602059,1.81942250664319,1.28804510053622,1.59048357679997,1.85858541999878,1.80674589788855,1.39099503513006,1.46066937291095,1.85451004833659,1.65060258267941,1.0614149342577,1.90755604203211,1.91229556170865,1.35001442178619,1.05184482925192,1.09590678014602,1.0950699379179,1.23706945834545,1.67115272938793,1.08806044891852,1.480935444348,1.79461597455415,1.6696766790327,1.47732553979257,1.07770530650285,1.91310191942058,1.33631931586951,1.26941998594879,1.83985252205276,1.38783060637667,1.60153863420782,53.3662075741991,1.72248902810853,1.45719525425564,1.71393222395048,1.5059597471291,1.72779926924398,1.7377155650117,1.12016139883556
