53.6616836384226,1.82939957120894,1.47035964507161,1.54527588493436,1.90001098527574,1.26900800050656,1.38458353252364,1.86038697690721,1.51723832102364,1.6789334047022,1.03652657663288,1.94661840188625,1.27274011833255,1.4942084515906,1.16254845036312,1.12109879363379,1.18017622743741,1.5083752151152,1.79632656546139,1.05211481547547,1.92458940433552,1.61570933862389,1.02112850221858,1.94179964342238,1.16661523383419,1.08075076298823,1.68363980701363,1.01176994387608,1.74317766481227,1.77664201230586,1.31394873201565,1.40486130276921,1.60604158304913,1.78430837708726,1.95013718770358,1.5060525678592,1.05331637759382,1.33472071976155,1.36643954430075,1.57055469861746,1.01365412399809,1.40296612093363,1.51717310003805,1.28639424233064,1.89717457252423,1.67972155040117,1.40749303643009,1.07735079949598,1.18809676505071,1.20381960142582,1.12946561543712,1.11268616892057
1.82939957120894,53.1505941176557,1.05448581187729,1.9861441738839,1.23134488110959,1.73812561935658,1.99791411822565,1.97452254592186,1.51476763119677,1.31186284977564,1.37938384822541,1.12080921378024,1.0961712268629,1.32952103592899,1.62686178163945,1.14948760445672,1.66424175569054,1.9933013259402,1.72004230307417,1.67789588015429,1.39626744687383,1.23721540264656,1.96429012248492,1.2934420189324,1.91693695304773,1.37178315844936,1.37079281889405,1.10503371763278,1.57560275987517,1.50025843433116,1.21771988655334,1.39513169992488,1.65085255198686,1.2722056988963,1.38127587334312,1.88219743309645,1.01033131778721,1.37918999110311,1.85671997855265,1.52509894898399,1.69105284134441,1.23610382677806,1.64590816276423,1.7872240682073,1.56562486270705,1.27276994393802,1.93671167266402,1.22986661793192,1.26607126941256,1.65675397527253,1.90776249808621,1.66233871628639
1.47035964507161,1.05448581187729,53.9557807356845,1.81090633050115,1.24383577855483,1.32657355411284,1.91594004813393,1.81943853889566,1.82683198844401,1.13365993422161,1.21457023835488,1.47768453996521,1.4058656331179,1.595846111698,1.35988197306166,1.41619695090512,1.97503610326677,1.21660195114864,1.9412958998891,1.66608894414552,1.4527057779267,1.58720406218767,1.45331301188716,1.01833064016808,1.85997400612569,1.39002468408552,1.24819725856567,1.12604527553825,1.04677865889239,1.15595975618621,1.78838399182464,1.94074803681148,1.02801237629168,1.74416472704344,1.75165436684697,1.27184815531217,1.07073828069062,1.66759441451523,1.09128669374217,1.89757026913463,1.80125434873684,1.30585693209705,1.37525480909983,1.20711998185474,1.90170304379505,1.73513678216149,1.62331693275986,1.87673914659617,1.95173873331013,1.56461283264897,1.54282809027602,1.40444451123683
1.54527588493436,1.9861441738839,1.81090633050115,53.0117909004967,1.38616578578305,1.67097240997058,1.13783617603492,1.43294444467544,1.82693216662245,1.92622016785956,1.37369248102125,1.85494454291414,1.670384894903,1.12534684740256,1.12679269776065,1.74112317559362,1.79294126191779,1.21807939150281,1.63869344472824,1.59419561065463,1.52393632359986,1.01394825336242,1.80131559250938,1.42563936739491,1.7490850355239,1.42463252480358,1.30237851352542,1.70082376836837,1.98924535745254,1.8452066042671,1.10526827913954,1.14106225182352,1.84134770596463,1.52804343101012,1.15285315232019,1.22751349174767,1.19901584051504,1.2906893283551,1.66045793642311,1.02594800667183,1.216909495749,1.03415041744437,1.88089255005163,1.887294390652,1.15949726484693,1.00768524734661,1.62841756624562,1.95243852723038,1.22576463931509,1.2671110105082,1.54663413741935,1.74970096291495
1.90001098527574,1.23134488110959,1.24383577855483,1.38616578578305,53.7725822542666,1.47771884383528,1.73096806729723,1.76182761171918,1.32292544763671,1.83623634690244,1.9028898635427,1.16427315313568,1.36427977744689,1.05574301539722,1.39178664488335,1.56329561796193,1.34643234375232,1.05224458130647,1.58924362509942,1.56334183950133,1.08639499875083,1.47013617468539,1.45063623015333,1.24589226359776,1.477821422032,1.07905379593328,1.19833079036247,1.70358606134708,1.34616480644148,1.74496492778182,1.45328702426203,1.62722407031209,1.09291465677922,1.62862735410623,1.65736836924095,1.86549691151152,1.10634619747584,1.38833643607252,1.62732452276504,1.42927164511256,1.2245727825093,1.53021438584207,1.5935447987139,1.58885255995619,1.58595740123929,1.98533144359725,1.15214817791812,1.93238974499162,1.03757602443806,1.74139180301753,1.49573158402728,1.12397102318889
1.26900800050656,1.73812561935658,1.32657355411284,1.67097240997058,1.47771884383528,53.5681940776148,1.39293546061634,1.37158641608971,1.31315900539661,1.84622248487837,1.99881048640181,1.40607366217583,1.47484983851893,1.6561788551771,1.27157057322169,1.58119603646043,1.04451529124962,1.89889509598673,1.01046768110733,1.26908807375891,1.42910948136314,1.60401247982123,1.85794063418076,1.01506688213677,1.58934392341848,1.01008881163322,1.94745662712839,1.62691994785653,1.75148061465075,1.44318821115568,1.75089097151109,1.96300859188801,1.38955602487063,1.12075425829774,1.65235799069161,1.41497763498452,1.68894833591252,1.04529345084228,1.78656405107424,1.00210734084347,1.89151593572065,1.78537453747605,1.40818100348496,1.36636577423958,1.44155339218748,1.67975157670665,1.94756181070002,1.4860686834371,1.57864667269338,1.95802949180735,1.75515675766168,1.00775615359086
1.38458353252364,1.99791411822565,1.91594004813393,1.13783617603492,1.73096806729723,1.39293546061634,53.7783058424379,1.37466681719509,1.41346787401171,1.52919681348335,1.33767540861744,1.803023899348,1.64995107178108,1.99003339930905,1.21800153386686,1.3388994076936,1.03532685015133,1.00456558447544,1.34100674853707,1.92684278587198,1.78994012195148,1.74918775202203,1.2932085596459,1.23149351413897,1.42893932872868,1.24077036988026,1.71756219757607,1.0075860009564,1.19879986168761,1.47271895477209,1.01534215454727,1.76084183331618,1.08581634568321,1.03816519074057,1.91222772789757,1.70900254869321,1.00844485406226,1.69053356986983,1.08366936542265,1.42191272807397,1.21973038335318,1.42134477404009,1.2249366269563,1.86968145513427,1.41137817334914,1.44293816082316,1.20858086236221,1.44670502350047,1.44750374576426,1.54958761136494,1.37354780890678,1.23744386725009
1.86038697690721,1.97452254592186,1.81943853889566,1.43294444467544,1.76182761171918,1.37158641608971,1.37466681719509,53.1063266001206,1.65921853373722,1.75064284761932,1.86716843343674,1.7450348798861,1.78880803835988,1.77939616086865,1.45403742811365,1.79725289242214,1.46992973073848,1.53770679400196,1.21916562049611,1.68966011409166,1.95905156804205,1.44410224745241,1.55934156876027,1.37042974092552,1.88704040874124,1.76792243158814,1.81713476442598,1.33454415403984,1.31751004248742,1.19068257333277,1.57198802128992,1.61628540540872,1.85743894235112,1.04092540267898,1.34400009705871,1.76496568078406,1.22742498164411,1.07930078919944,1.87129228137028,1.88664351538133,1.82994363681876,1.73846071434136,1.63167839480177,1.61875167517865,1.51785687521,1.08571582291541,1.41600456713513,1.98778660594848,1.62342261691737,1.63517018763124,1.67744671957448,1.58247418449376
1.51723832102364,1.51476763119677,1.82683198844401,1.82693216662245,1.32292544763671,1.31315900539661,1.41346787401171,1.65921853373722,53.960721263178,1.87284501868898,1.93850616735337,1.81816020506348,1.91377042136796,1.28250626394642,1.58312588584755,1.14119540254641,1.36180705314586,1.45441816675217,1.02783891792774,1.19175068996463,1.19287888062786,1.65951731272951,1.81050236514327,1.71073575583787,1.74523313564492,1.22650693181274,1.69852236132069,1.36865575209663,1.86167711990964,1.37596908042951,1.95112993705605,1.94094955499328,1.61275736876426,1.90403386247532,1.9072623983525,1.61746808775583,1.67407255185492,1.2081193952859,1.93968884970047,1.63479381503295,1.08096441350922,1.87819501658818,1.45295401963077,1.99473483534285,1.16070128006893,1.03607990501266,1.1359302374236,1.5225083332148,1.49049807176483,1.16376915535134,1.71425902317942,1.68337695285835
1.6789334047022,1.31186284977564,1.13365993422161,1.92622016785956,1.83623634690244,1.84622248487837,1.52919681348335,1.75064284761932,1.87284501868898,53.8883052928784,1.55389499410703,1.08136151827935,1.7923391548881,1.46115739199387,1.69882960650084,1.46641170627736,1.66927678727977,1.63851845573565,1.10120552084465,1.75024120078899,1.51671347185816,1.55415954094108,1.74497603566618,1.6774147519271,1.59023944595374,1.88090627355543,1.19992308467623,1.08073751771857,1.04467542844111,1.91418210832131,1.76411447057692,1.86796189698761,1.43894349571268,1.15822717834181,1.43648150071338,1.19021181538245,1.25086224789306,1.37365685653577,1.80315725496186,1.71946639833947,1.26196214894855,1.35705224860322,1.80082791661882,1.054301303371,1.81820964059709,1.499657522654,1.52071300964836,1.4874864274112,1.13817597792399,1.62191853095867,1.23772762820019,1.65488944978215
1.03652657663288,1.37938384822541,1.21457023835488,1.37369248102125,1.9028898635427,1.99881048640181,1.33767540861744,1.86716843343674,1.93850616735337,1.55389499410703,53.7762472623849,1.88535288995381,1.76939668402513,1.21272876263258,1.07556470533626,1.02025893145253,1.58638561916835,1.87872196029812,1.739725329792,1.8483477681169,1.23577420890134,1.54055324641082,1.9026490714879,1.05398384903277,1.04021076859916,1.42336208113626,1.54147027690963,1.17838674698881,1.04528061162926,1.77919790510982,1.83327619677096,1.22135868306335,1.76190156851052,1.16558039801455,1.98767620045118,1.62551150546666,1.69780768440003,1.83473123555758,1.5337968708639,1.1442170781755,1.44590074030957,1.3100441327831,1.02956996766365,1.21529742386904,1.52277289588133,1.10513467299991,1.23555635578723,1.10915851458402,1.98385663376369,1.97528168557923,1.95750628316659,1.21963084219938
1.94661840188625,1.12080921378024,1.47768453996521,1.85494454291414,1.16427315313568,1.40607366217583,1.803023899348,1.7450348798861,1.81816020506348,1.08136151827935,1.88535288995381,53.3561844412965,1.73328904189788,1.53783293000322,1.98169594676313,1.43109672583225,1.37256416509513,1.51549281716137,1.57531380400775,1.8184649054047,1.82553694994447,1.60488377213706,1.03376232927375,1.34830984536014,1.71001844513697,1.26931868506098,1.45746836040982,1.693875078435,1.24460037017455,1.41497464311075,1.91350592063437,1.76043530216461,1.27512999683392,1.18712061186653,1.31648100228816,1.558647432159,1.00220557954265,1.05091344940053,1.88744547864769,1.59648845279426,1.61862209328386,1.43760220819973,1.95267289409073,1.35191113518174,1.97543513820294,1.93436884038819,1.78300786101399,1.34799930283241,1.4498616570839,1.35832166502174,1.16646420777145,1.27539860656271
1.27274011833255,1.0961712268629,1.4058656331179,1.670384894903,1.36427977744689,1.47484983851893,1.64995107178108,1.78880803835988,1.91377042136796,1.7923391548881,1.76939668402513,1.73328904189788,53.4677254923003,1.7910618967335,1.32992888397068,1.46993107230865,1.84197534613403,1.21737436261837,1.06641952463725,1.46059743895223,1.6549765708181,1.01909241826231,1.81250857413398,1.63041170855538,1.95346125865051,1.59551643514797,1.97841101138779,1.40332291526875,1.95383810016971,1.14487521869357,1.67872152183145,1.91704353686284,1.34510175620443,1.3024299737543,1.59026741822728,1.81464697831061,1.38360678608697,1.95736637849238,1.52879257059134,1.8797582415304,1.23797125892619,1.00337346457102,1.65103969380774,1.70569675122653,1.79443536130452,1.98096857777842,1.17562782306952,1.63641070697289,1.19834293993113,1.24204734770676,1.09700814592513,1.85331951074922
1.4942084515906,1.32952103592899,1.595846111698,1.12534684740256,1.05574301539722,1.6561788551771,1.99003339930905,1.77939616086865,1.28250626394642,1.46115739199387,1.21272876263258,1.53783293000322,1.7910618967335,53.9661822095356,1.76676618296968,1.98268222156106,1.92354858756231,1.29555875356102,1.86244046262579,1.16151984602284,1.29893221813204,1.51348015596787,1.86721659771503,1.09336757943657,1.49444873374628,1.04284442031888,1.72977828640946,1.69279167367741,1.28489176849131,1.82678643233459,1.54611118442664,1.54603153446039,1.73630315239369,1.02984240279991,1.76063255907997,1.24133630666944,1.49198463302664,1.37855649803698,1.70020756158056,1.09900208148128,1.6752019592911,1.07612235195754,1.05112128614035,1.27427739429952,1.04230456102747,1.81788746911003,1.25695961539492,1.96585314905543,1.11344622220539,1.11940007755505,1.12737299461261,1.41237844080309
1.16254845036312,1.62686178163945,1.35988197306166,1.12679269776065,1.39178664488335,1.27157057322169,1.21800153386686,1.45403742811365,1.58312588584755,1.69882960650084,1.07556470533626,1.98169594676313,1.32992888397068,1.76676618296968,53.0399501971155,1.88805886119979,1.00754637224951,1.74015775869608,1.98706094268107,1.68274833154061,1.81628011111928,1.03818222835575,1.95702572584014,1.85858467214675,1.85606969746578,1.2139853407694,1.82443782073652,1.96951592013683,1.33338541879011,1.95181081581479,1.38189436047426,1.96626565277868,1.94640040767677,1.88764038071392,1.09359461958222,1.98383442032329,1.12316468643172,1.91371526052883,1.30616020099547,1.18547542494977,1.27994708543641,1.17451751659369,1.98408931586151,1.67602131360957,1.80350739080622,1.02403951297702,1.5640801743437,1.81105376305573,1.7641972716731,1.55114111655911,1.49380209459635,1.58047738232672
1.12109879363379,1.14948760445672,1.41619695090512,1.74112317559362,1.56329561796193,1.58119603646043,1.3388994076936,1.79725289242214,1.14119540254641,1.46641170627736,1.02025893145253,1.43109672583225,1.46993107230865,1.98268222156106,1.88805886119979,53.807608389206,1.97177411195439,1.451705719089,1.99308381415582,1.25172119692514,1.62622323568269,1.97717313001732,1.9277425105347,1.42973062602325,1.00121264252868,1.49182268441274,1.24078438907898,1.76540991420178,1.04296380050618,1.73458648367533,1.3458872965285,1.63228714542104,1.18541430318049,1.78494935100197,1.07768018733602,1.85022746438637,1.04844922528064,1.49258914892217,1.84842604391669,1.26375991583977,1.28939247098257,1.81289027576004,1.42547101361001,1.97383617329124,1.8709491271856,1.57101653123787,1.78144456203163,1.84272323913999,1.02272224986121,1.77452837618744,1.09444443559947,1.6489454855439
1.18017622743741,1.66424175569054,1.97503610326677,1.79294126191779,1.34643234375232,1.04451529124962,1.03532685015133,1.46992973073848,1.36180705314586,1.66927678727977,1.58638561916835,1.37256416509513,1.84197534613403,1.92354858756231,1.00754637224951,1.97177411195439,53.759529913198,1.93811479533935,1.96136985065479,1.0489223837149,1.75100507109938,1.38684086379914,1.02275855654048,1.62195419781932,1.95785739503701,1.80420311903777,1.46467743649365,1.98057964536388,1.57873149475955,1.55912187255878,1.62952513044212,1.33043300003299,1.58130881869295,1.70820124200927,1.08334714783511,1.0953184487742,1.02766174218974,1.60167120983902,1.65229188029295,1.08170872604554,1.46588256837143,1.84155245723275,1.32117001354749,1.11504327697449,1.10849322057725,1.41085876497014,1.81265321178951,1.86802313377523,1.34897355984383,1.77402306197864,1.91694551749013,1.09997863047755
1.5083752151152,1.9933013259402,1.21660195114864,1.21807939150281,1.05224458130647,1.89889509598673,1.00456558447544,1.53770679400196,1.45441816675217,1.63851845573565,1.87872196029812,1.51549281716137,1.21737436261837,1.29555875356102,1.74015775869608,1.451705719089,1.93811479533935,53.0746512846437,1.54639780639969,1.80397261297515,1.9162037418765,1.86756781994718,1.9190158904153,1.02469696245375,1.27842658445166,1.73166910173915,1.89272009622898,1.62740014429549,1.50569216371779,1.80966561371911,1.7273787752387,1.66655608902991,1.74936968774971,1.44931160353558,1.78527740937903,1.49327688035242,1.63592186832611,1.88457837462638,1.81591556771468,1.38165400567542,1.61340447031586,1.46898725464427,1.70869496125201,1.05043180754894,1.20540608940898,1.13105436560281,1.51512088743743,1.5434961340127,1.20570565071223,1.06151869337145,1.34746874698786,1.12190939212307
1.79632656546139,1.72004230307417,1.9412958998891,1.63869344472824,1.58924362509942,1.01046768110733,1.34100674853707,1.21916562049611,1.02783891792774,1.10120552084465,1.739725329792,1.57531380400775,1.06641952463725,1.86244046262579,1.98706094268107,1.99308381415582,1.96136985065479,1.54639780639969,53.0291794934446,1.45366224481429,1.37654145358901,1.73787445516227,1.50409405236323,1.58194754299798,1.86892882076508,1.019214939335,1.12544367654503,1.07463447101164,1.08073363317211,1.47291242353288,1.19654386360037,1.00982014602507,1.73939706047037,1.34315021817719,1.21733324379536,1.73755079914702,1.38247666898299,1.05224648539547,1.24139670061013,1.23146873304223,1.61453850223428,1.4117986915688,1.82983048485118,1.62614212214301,1.36747809190651,1.9214691165469,1.27366760991219,1.20773586640495,1.82902331549163,1.30284710382244,1.66139811121924,1.20556476861498
1.05211481547547,1.67789588015429,1.66608894414552,1.59419561065463,1.56334183950133,1.26908807375891,1.92684278587198,1.68966011409166,1.19175068996463,1.75024120078899,1.8483477681169,1.8184649054047,1.46059743895223,1.16151984602284,1.68274833154061,1.25172119692514,1.0489223837149,1.80397261297515,1.45366224481429,53.1593791130741,1.51601166348719,1.9677548194154,1.78552123521712,1.8834897553937,1.88922393549663,1.05918884466364,1.09122562133299,1.71824725098826,1.36203594848608,1.75262373255222,1.92381201960324,1.40275750700513,1.91811589566903,1.7113243312162,1.31240788628925,1.10282299765517,1.62428031937419,1.29669273658502,1.36826373374474,1.01014873059939,1.47752145048115,1.64352461585939,1.13541420276063,1.00150038208882,1.13611874130374,1.99823047406889,1.9079559836108,1.68095935260922,1.10244344552161,1.04588031770935,1.84033846568332,1.6184551090088
1.92458940433552,1.39626744687383,1.4527057779267,1.52393632359986,1.08639499875083,1.42910948136314,1.78994012195148,1.95905156804205,1.19287888062786,1.51671347185816,1.23577420890134,1.82553694994447,1.6549765708181,1.29893221813204,1.81628011111928,1.62622323568269,1.75100507109938,1.9162037418765,1.37654145358901,1.51601166348719,53.3785214593534,1.02608592576631,1.53796445603388,1.51464020065714,1.02431639936954,1.44592043917902,1.19559955280069,1.12675984489115,1.49180075688837,1.03593801801835,1.74521495389995,1.50543589354746,1.66179771845313,1.24715981737113,1.40829496570318,1.34684626355155,1.84033030264095,1.02940128791584,1.39393075713605,1.18612451953167,1.5743196301974,1.84377275772568,1.45003463209143,1.8305623032295,1.60602264460457,1.81676774277201,1.71108529517012,1.6649652676028,1.55176458626602,1.60175701817579,1.2014293410822,1.93028604608508
1.61570933862389,1.23721540264656,1.58720406218767,1.01394825336242,1.47013617468539,1.60401247982123,1.74918775202203,1.44410224745241,1.65951731272951,1.55415954094108,1.54055324641082,1.60488377213706,1.01909241826231,1.51348015596787,1.03818222835575,1.97717313001732,1.38684086379914,1.86756781994718,1.73787445516227,1.9677548194154,1.02608592576631,53.2477834137379,1.02512907331117,1.52883395810092,1.06455115604426,1.73621436848129,1.19379922570372,1.61631574277594,1.33797138619142,1.39522856678592,1.54660178839536,1.96581433013352,1.13462236343633,1.99152803467192,1.61797367344516,1.31993659926575,1.63205383374917,1.39689286164795,1.99705159244922,1.30851765131043,1.92102700375068,1.17960247871447,1.64677918732482,1.69232096322455,1.77044833068291,1.33188698642509,1.30394522533936,1.39069547056719,1.41092554266142,1.10169400698584,1.58526224111452,1.33373685615777
1.02112850221858,1.96429012248492,1.45331301188716,1.80131559250938,1.45063623015333,1.85794063418076,1.2932085596459,1.55934156876027,1.81050236514327,1.74497603566618,1.9026490714879,1.03376232927375,1.81250857413398,1.86721659771503,1.95702572584014,1.9277425105347,1.02275855654048,1.9190158904153,1.50409405236323,1.78552123521712,1.53796445603388,1.02512907331117,53.2786058999033,1.85325997083134,1.48771180048944,1.58255112524263,1.24395544139853,1.89863734315086,1.68424513222847,1.82921768251304,1.23237419884297,1.03372255295223,1.43960899647307,1.09494501310165,1.44775113018591,1.78621467891439,1.15131505306406,1.47809544972987,1.47079174754712,1.60291365981238,1.05504155720353,1.12118314631338,1.18913462953136,1.62351569934912,1.38954821805914,1.09529219898176,1.82404367524387,1.05480615145285,1.99850136088138,1.3330893019834,1.64109108859724,1.08131300056414
1.94179964342238,1.2934420189324,1.01833064016808,1.42563936739491,1.24589226359776,1.01506688213677,1.23149351413897,1.37042974092552,1.71073575583787,1.6774147519271,1.05398384903277,1.34830984536014,1.63041170855538,1.09336757943657,1.85858467214675,1.42973062602325,1.62195419781932,1.02469696245375,1.58194754299798,1.8834897553937,1.51464020065714,1.52883395810092,1.85325997083134,53.2150928816828,1.24123801302222,1.64866330970482,1.26989903313569,1.23973937343794,1.98175261215388,1.91099012173293,1.32105237400208,1.47066672773597,1.83068710976778,1.2556253449319,1.44729264427316,1.33293522304526,1.43415375772591,1.32255590302989,1.51942846901688,1.44189985210164,1.43019336109524,1.73964426747507,1.88925494341611,1.63277583272791,1.40761119611916,1.12282471271363,1.98667335742464,1.55367357402745,1.82718623002394,1.94348454146808,1.75477750960494,1.65273089364764
1.16661523383419,1.91693695304773,1.85997400612569,1.7490850355239,1.477821422032,1.58934392341848,1.42893932872868,1.88704040874124,1.74523313564492,1.59023944595374,1.04021076859916,1.71001844513697,1.95346125865051,1.49444873374628,1.85606969746578,1.00121264252868,1.95785739503701,1.27842658445166,1.86892882076508,1.88922393549663,1.02431639936954,1.06455115604426,1.48771180048944,1.24123801302222,53.035218725463,1.49997089081442,1.43269276825371,1.86240495595262,1.44345543181685,1.18747027739299,1.51513584913459,1.53288578732539,1.76686742145888,1.38295962399941,1.8635541553905,1.99492787476393,1.52068243199991,1.43396189689355,1.2047409397572,1.56939536126768,1.32542201193302,1.88522073295211,1.44879539983757,1.47250747237006,1.01299316948885,1.66113066191838,1.05374669006734,1.46332150952114,1.39289439255041,1.07688576033194,1.34384321064867,1.86430239112317
1.08075076298823,1.37178315844936,1.39002468408552,1.42463252480358,1.07905379593328,1.01008881163322,1.24077036988026,1.76792243158814,1.22650693181274,1.88090627355543,1.42336208113626,1.26931868506098,1.59551643514797,1.04284442031888,1.2139853407694,1.49182268441274,1.80420311903777,1.73166910173915,1.019214939335,1.05918884466364,1.44592043917902,1.73621436848129,1.58255112524263,1.64866330970482,1.49997089081442,53.4826450806496,1.69155627707558,1.37789717427357,1.55953084098153,1.03539948772425,1.24219956493108,1.54881061406285,1.89254023222837,1.9855211502805,1.57330911307284,1.24965186708125,1.16153550248665,1.46021256756979,1.05021893375098,1.52502013301711,1.86225187120133,1.3836717877461,1.65537218407512,1.64725079836662,1.58067879666606,1.78065210989707,1.95293215753181,1.21164770247957,1.11067297501055,1.82800887749903,1.1680386202261,1.32591457307614
1.68363980701363,1.37079281889405,1.24819725856567,1.30237851352542,1.19833079036247,1.94745662712839,1.71756219757607,1.81713476442598,1.69852236132069,1.19992308467623,1.54147027690963,1.45746836040982,1.97841101138779,1.72977828640946,1.82443782073652,1.24078438907898,1.46467743649365,1.89272009622898,1.12544367654503,1.09122562133299,1.19559955280069,1.19379922570372,1.24395544139853,1.26989903313569,1.43269276825371,1.69155627707558,53.6495144249171,1.97575457299862,1.51188893034677,1.81755304514317,1.3016691456091,1.66376992765058,1.4144900550202,1.85581848670534,1.80065370667756,1.49407214601248,1.10152410394583,1.31543465951245,1.13318507705498,1.38262920937623,1.07241517774408,1.32110862262599,1.55627454656934,1.8149168462562,1.08234128126984,1.97957175130936,1.71895401725497,1.30378650748347,1.45308788886903,1.14801132033952,1.38748360443277,1.31027581464046
1.01176994387608,1.10503371763278,1.12604527553825,1.70082376836837,1.70358606134708,1.62691994785653,1.0075860009564,1.33454415403984,1.36865575209663,1.08073751771857,1.17838674698881,1.693875078435,1.40332291526875,1.69279167367741,1.96951592013683,1.76540991420178,1.98057964536388,1.62740014429549,1.07463447101164,1.71824725098826,1.12675984489115,1.61631574277594,1.89863734315086,1.23973937343794,1.86240495595262,1.37789717427357,1.97575457299862,53.7038521094731,1.84835613791289,1.35167730010658,1.01412792364793,1.08079694541208,1.47010879985528,1.76227046072589,1.17831935089935,1.2724203524517,1.15992742178958,1.25159632891957,1.58662083539489,1.37513742799644,1.62654245301454,1.564591245523,1.0048374892235,1.85730706288354,1.34321536186301,1.12860969599737,1.18959577669836,1.43727413818113,1.38556698029189,1.90451369988942,1.60374809224333,1.96363288767805
1.74317766481227,1.57560275987517,1.04677865889239,1.98924535745254,1.34616480644148,1.75148061465075,1.19879986168761,1.31751004248742,1.86167711990964,1.04467542844111,1.04528061162926,1.24460037017455,1.95383810016971,1.28489176849131,1.33338541879011,1.04296380050618,1.57873149475955,1.50569216371779,1.08073363317211,1.36203594848608,1.49180075688837,1.33797138619142,1.68424513222847,1.98175261215388,1.44345543181685,1.55953084098153,1.51188893034677,1.84835613791289,53.2225114639022,1.21788989576413,1.9244327870777,1.39821763355202,1.80302878832586,1.54847286201477,1.82468802334028,1.08851249706396,1.13670663262564,1.95501052260167,1.22235234371496,1.0766177033431,1.09946094551099,1.43698913577804,1.48663757438149,1.00618182914619,1.82994527920612,1.16907779740592,1.07283013457099,1.47449775155377,1.43813885582524,1.51461586845788,1.74559267645031,1.27179115976756
1.77664201230586,1.50025843433116,1.15595975618621,1.8452066042671,1.74496492778182,1.44318821115568,1.47271895477209,1.19068257333277,1.37596908042951,1.91418210832131,1.77919790510982,1.41497464311075,1.14487521869357,1.82678643233459,1.95181081581479,1.73458648367533,1.55912187255878,1.80966561371911,1.47291242353288,1.75262373255222,1.03593801801835,1.39522856678592,1.82921768251304,1.91099012173293,1.18747027739299,1.03539948772425,1.81755304514317,1.35167730010658,1.21788989576413,53.8816089969508,1.54914728205146,1.24674794042797,1.75560366118122,1.99780610809,1.78321995110401,1.94759608942438,1.06060673764935,1.28049186071404,1.36209998156973,1.34129726343849,1.70219655740177,1.17482150726711,1.42501657708782,1.67237411610427,1.81223105677042,1.59724838780111,1.77925830743241,1.40465112794407,1.99183254222937,1.96276020210365,1.09653214462871,1.82340583197
1.31394873201565,1.21771988655334,1.78838399182464,1.10526827913954,1.45328702426203,1.75089097151109,1.01534215454727,1.57198802128992,1.95112993705605,1.76411447057692,1.83327619677096,1.91350592063437,1.67872152183145,1.54611118442664,1.38189436047426,1.3458872965285,1.62952513044212,1.7273787752387,1.19654386360037,1.92381201960324,1.74521495389995,1.54660178839536,1.23237419884297,1.32105237400208,1.51513584913459,1.24219956493108,1.3016691456091,1.01412792364793,1.9244327870777,1.54914728205146,53.5358337883539,1.91094542616557,1.85068027668199,1.02075818880496,1.38306236284928,1.41616824800901,1.64169891068791,1.13253542228254,1.26716506819574,1.14424862859037,1.43115576376727,1.36490982927611,1.40240200767405,1.72758221287633,1.24587454146048,1.60815147571645,1.08461539963475,1.40733111435889,1.17600092532858,1.78294584983166,1.27098424419341,1.91867188313914
1.40486130276921,1.39513169992488,1.94074803681148,1.14106225182352,1.62722407031209,1.96300859188801,1.76084183331618,1.61628540540872,1.94094955499328,1.86796189698761,1.22135868306335,1.76043530216461,1.91704353686284,1.54603153446039,1.96626565277868,1.63228714542104,1.33043300003299,1.66655608902991,1.00982014602507,1.40275750700513,1.50543589354746,1.96581433013352,1.03372255295223,1.47066672773597,1.53288578732539,1.54881061406285,1.66376992765058,1.08079694541208,1.39821763355202,1.24674794042797,1.91094542616557,53.7594781116394,1.1193371355158,1.26065595134192,1.3863664024446,1.2416341790192,1.69378298925878,1.72568265009936,1.64197697706613,1.18299531246675,1.60083268564233,1.95326520127862,1.52288791282237,1.49674091045593,1.64761578787473,1.27894876072134,1.03434804502611,1.47450179675338,1.30217467728172,1.71620380911799,1.7325435693993,1.69031042311821
1.60604158304913,1.65085255198686,1.02801237629168,1.84134770596463,1.09291465677922,1.38955602487063,1.08581634568321,1.85743894235112,1.61275736876426,1.43894349571268,1.76190156851052,1.27512999683392,1.34510175620443,1.73630315239369,1.94640040767677,1.18541430318049,1.58130881869295,1.74936968774971,1.73939706047037,1.91811589566903,1.66179771845313,1.13462236343633,1.43960899647307,1.83068710976778,1.76686742145888,1.89254023222837,1.4144900550202,1.47010879985528,1.80302878832586,1.75560366118122,1.85068027668199,1.1193371355158,53.2070299564894,1.40443978989704,1.65457719408654,1.99543689610224,1.77010190103673,1.01585819246986,1.63702906977247,1.44808965709437,1.16422124587196,1.03809935461641,1.24541454913347,1.57324025108164,1.82553604237062,1.28437362019176,1.67604224461878,1.33865537975852,1.96530966878185,1.96183955108833,1.45260740325442,1.59951091725356
1.78430837708726,1.2722056988963,1.74416472704344,1.52804343101012,1.62862735410623,1.12075425829774,1.03816519074057,1.04092540267898,1.90403386247532,1.15822717834181,1.16558039801455,1.18712061186653,1.3024299737543,1.02984240279991,1.88764038071392,1.78494935100197,1.70820124200927,1.44931160353558,1.34315021817719,1.7113243312162,1.24715981737113,1.99152803467192,1.09494501310165,1.2556253449319,1.38295962399941,1.9855211502805,1.85581848670534,1.76227046072589,1.54847286201477,1.99780610809,1.02075818880496,1.26065595134192,1.40443978989704,53.9266545436935,1.90575466859422,1.3925449416938,1.56430132992766,1.15372207535138,1.46213104411128,1.69081051866096,1.48180856252173,1.69342351411163,1.02434966341795,1.21433483912346,1.57929317773287,1.35332570427718,1.71696301676192,1.48102103382397,1.31933081444322,1.66768085149474,1.54697013625268,1.32343527922567
1.95013718770358,1.38127587334312,1.75165436684697,1.15285315232019,1.65736836924095,1.65235799069161,1.91222772789757,1.34400009705871,1.9072623983525,1.43648150071338,1.98767620045118,1.31648100228816,1.59026741822728,1.76063255907997,1.09359461958222,1.07768018733602,1.08334714783511,1.78527740937903,1.21733324379536,1.31240788628925,1.40829496570318,1.61797367344516,1.44775113018591,1.44729264427316,1.8635541553905,1.57330911307284,1.80065370667756,1.17831935089935,1.82468802334028,1.78321995110401,1.38306236284928,1.3863664024446,1.65457719408654,1.90575466859422,53.1744546406783,1.46941301201909,1.51211681427067,1.96458955247169,1.24787524680042,1.45439177726134,1.80005105342718,1.07393340024815,1.08087036622729,1.5621670976105,1.80574622229009,1.09989389735269,1.88858447218714,1.69128111921776,1.58104847258937,1.90581236495907,1.05862457866716,1.75562656147202
1.5060525678592,1.88219743309645,1.27184815531217,1.22751349174767,1.86549691151152,1.41497763498452,1.70900254869321,1.76496568078406,1.61746808775583,1.19021181538245,1.62551150546666,1.558647432159,1.81464697831061,1.24133630666944,1.98383442032329,1.85022746438637,1.0953184487742,1.49327688035242,1.73755079914702,1.10282299765517,1.34684626355155,1.31993659926575,1.78621467891439,1.33293522304526,1.99492787476393,1.24965186708125,1.49407214601248,1.2724203524517,1.08851249706396,1.94759608942438,1.41616824800901,1.2416341790192,1.99543689610224,1.3925449416938,1.46941301201909,53.4203951411976,1.02277759743052,1.37727130222007,1.32566150153319,1.54903016311537,1.47146791381364,1.06106326359374,1.04330465339278,1.75640966638756,1.97091966726394,1.00699215615494,1.55346823276648,1.84536562247452,1.21855490618318,1.80491857640674,1.51986263064661,1.50405105599391
1.05331637759382,1.01033131778721,1.07073828069062,1.19901584051504,1.10634619747584,1.68894833591252,1.00844485406226,1.22742498164411,1.67407255185492,1.25086224789306,1.69780768440003,1.00220557954265,1.38360678608697,1.49198463302664,1.12316468643172,1.04844922528064,1.02766174218974,1.63592186832611,1.38247666898299,1.62428031937419,1.84033030264095,1.63205383374917,1.15131505306406,1.43415375772591,1.52068243199991,1.16153550248665,1.10152410394583,1.15992742178958,1.13670663262564,1.06060673764935,1.64169891068791,1.69378298925878,1.77010190103673,1.56430132992766,1.51211681427067,1.02277759743052,53.9478149623367,1.46497700804145,1.3948220710246,1.16677995033878,1.81658362169591,1.28610919149877,1.8671958869636,1.44657770425388,1.49814035720105,1.98800696478598,1.09934938470803,1.08744282465775,1.43447954367589,1.30115122781189,1.14821320592808,1.9420153866252
1.33472071976155,1.37918999110311,1.66759441451523,1.2906893283551,1.38833643607252,1.04529345084228,1.69053356986983,1.07930078919944,1.2081193952859,1.37365685653577,1.83473123555758,1.05091344940053,1.95736637849238,1.37855649803698,1.91371526052883,1.49258914892217,1.60167120983902,1.88457837462638,1.05224648539547,1.29669273658502,1.02940128791584,1.39689286164795,1.47809544972987,1.32255590302989,1.43396189689355,1.46021256756979,1.31543465951245,1.25159632891957,1.95501052260167,1.28049186071404,1.13253542228254,1.72568265009936,1.01585819246986,1.15372207535138,1.96458955247169,1.37727130222007,1.46497700804145,53.4489375522588,1.89794293041245,1.91274400423874,1.69265210474499,1.72235746109968,1.1009302936033,1.50636470062023,1.4290320265242,1.77110239759605,1.26789225790086,1.60068360045584,1.83609657214773,1.19619976598592,1.58891879561773,1.18719993819818
1.36643954430075,1.85671997855265,1.09128669374217,1.66045793642311,1.62732452276504,1.78656405107424,1.08366936542265,1.87129228137028,1.93968884970047,1.80315725496186,1.5337968708639,1.88744547864769,1.52879257059134,1.70020756158056,1.30616020099547,1.84842604391669,1.65229188029295,1.81591556771468,1.24139670061013,1.36826373374474,1.39393075713605,1.99705159244922,1.47079174754712,1.51942846901688,1.2047409397572,1.05021893375098,1.13318507705498,1.58662083539489,1.22235234371496,1.36209998156973,1.26716506819574,1.64197697706613,1.63702906977247,1.46213104411128,1.24787524680042,1.32566150153319,1.3948220710246,1.89794293041245,53.7084254914468,1.93413015312242,1.98008154052313,1.48320421878398,1.04245312513898,1.71376643782191,1.43791056118808,1.53711063905485,1.77221954836148,1.841554455851,1.9297110829175,1.74341666313979,1.9378504552589,1.04466898694852
1.57055469861746,1.52509894898399,1.89757026913463,1.02594800667183,1.42927164511256,1.00210734084347,1.42191272807397,1.88664351538133,1.63479381503295,1.71946639833947,1.1442170781755,1.59648845279426,1.8797582415304,1.09900208148128,1.18547542494977,1.26375991583977,1.08170872604554,1.38165400567542,1.23146873304223,1.01014873059939,1.18612451953167,1.30851765131043,1.60291365981238,1.44189985210164,1.56939536126768,1.52502013301711,1.38262920937623,1.37513742799644,1.0766177033431,1.34129726343849,1.14424862859037,1.18299531246675,1.44808965709437,1.69081051866096,1.45439177726134,1.54903016311537,1.16677995033878,1.91274400423874,1.93413015312242,53.2606868651978,1.42334391196414,1.91407680134944,1.48493566246933,1.53094045889142,1.28401892598906,1.02440245962907,1.51463719341654,1.48083387943024,1.27229474823563,1.43246408106408,1.65773037246323,1.00339125516051
1.01365412399809,1.69105284134441,1.80125434873684,1.216909495749,1.2245727825093,1.89151593572065,1.21973038335318,1.82994363681876,1.08096441350922,1.26196214894855,1.44590074030957,1.61862209328386,1.23797125892619,1.6752019592911,1.27994708543641,1.28939247098257,1.46588256837143,1.61340447031586,1.61453850223428,1.47752145048115,1.5743196301974,1.92102700375068,1.05504155720353,1.43019336109524,1.32542201193302,1.86225187120133,1.07241517774408,1.62654245301454,1.09946094551099,1.70219655740177,1.43115576376727,1.60083268564233,1.16422124587196,1.48180856252173,1.80005105342718,1.47146791381364,1.81658362169591,1.69265210474499,1.98008154052313,1.42334391196414,53.2292607334579,1.4514084101894,1.79593488098864,1.07869757482721,1.171443635212,1.31621708642515,1.72189650625079,1.11019620257905,1.21430337299328,1.62578230194085,1.4722926823759,1.02646645997952
1.40296612093363,1.23610382677806,1.30585693209705,1.03415041744437,1.53021438584207,1.78537453747605,1.42134477404009,1.73846071434136,1.87819501658818,1.35705224860322,1.3100441327831,1.43760220819973,1.00337346457102,1.07612235195754,1.17451751659369,1.81289027576004,1.84155245723275,1.46898725464427,1.4117986915688,1.64352461585939,1.84377275772568,1.17960247871447,1.12118314631338,1.73964426747507,1.88522073295211,1.3836717877461,1.32110862262599,1.564591245523,1.43698913577804,1.17482150726711,1.36490982927611,1.95326520127862,1.03809935461641,1.69342351411163,1.07393340024815,1.06106326359374,1.28610919149877,1.72235746109968,1.48320421878398,1.91407680134944,1.4514084101894,53.1267963587897,1.71066799513561,1.0865305266746,1.0958376802019,1.42263354427304,1.79436313071957,1.50513253337943,1.74658936715992,1.67783565478299,1.14368811954916,1.52195360023619
1.51717310003805,1.64590816276423,1.37525480909983,1.88089255005163,1.5935447987139,1.40818100348496,1.2249366269563,1.63167839480177,1.45295401963077,1.80082791661882,1.02956996766365,1.95267289409073,1.65103969380774,1.05112128614035,1.98408931586151,1.42547101361001,1.32117001354749,1.70869496125201,1.82983048485118,1.13541420276063,1.45003463209143,1.64677918732482,1.18913462953136,1.88925494341611,1.44879539983757,1.65537218407512,1.55627454656934,1.0048374892235,1.48663757438149,1.42501657708782,1.40240200767405,1.52288791282237,1.24541454913347,1.02434966341795,1.08087036622729,1.04330465339278,1.8671958869636,1.1009302936033,1.04245312513898,1.48493566246933,1.79593488098864,1.71066799513561,53.6111799681611,1.7846554363075,1.69208141681369,1.22849875792325,1.00159513810724,1.26471322135288,1.12658963637733,1.21165263616091,1.26031104254551,1.15147687408676
1.28639424233064,1.7872240682073,1.20711998185474,1.887294390652,1.58885255995619,1.36636577423958,1.86968145513427,1.61875167517865,1.99473483534285,1.054301303371,1.21529742386904,1.35191113518174,1.70569675122653,1.27427739429952,1.67602131360957,1.97383617329124,1.11504327697449,1.05043180754894,1.62614212214301,1.00150038208882,1.8305623032295,1.69232096322455,1.62351569934912,1.63277583272791,1.47250747237006,1.64725079836662,1.8149168462562,1.85730706288354,1.00618182914619,1.67237411610427,1.72758221287633,1.49674091045593,1.57324025108164,1.21433483912346,1.5621670976105,1.75640966638756,1.44657770425388,1.50636470062023,1.71376643782191,1.53094045889142,1.07869757482721,1.0865305266746,1.7846554363075,53.0104646855083,1.45025760887668,1.00854356866728,1.87514474237112,1.22675670181716,1.53281374859289,1.40131610138403,1.62967869296189,1.79724329095205
1.89717457252423,1.56562486270705,1.90170304379505,1.15949726484693,1.58595740123929,1.44155339218748,1.41137817334914,1.51785687521,1.16070128006893,1.81820964059709,1.52277289588133,1.97543513820294,1.79443536130452,1.04230456102747,1.80350739080622,1.8709491271856,1.10849322057725,1.20540608940898,1.36747809190651,1.13611874130374,1.60602264460457,1.77044833068291,1.38954821805914,1.40761119611916,1.01299316948885,1.58067879666606,1.08234128126984,1.34321536186301,1.82994527920612,1.81223105677042,1.24587454146048,1.64761578787473,1.82553604237062,1.57929317773287,1.80574622229009,1.97091966726394,1.49814035720105,1.4290320265242,1.43791056118808,1.28401892598906,1.171443635212,1.0958376802019,1.69208141681369,1.45025760887668,53.0680355271641,1.16055535206597,1.17234101899543,1.59205930707606,1.30011258148593,1.42529330794946,1.86829672654546,1.94066148481363
