53.9439390678629,1.15424770310253,1.5166730729475,1.03699671711633,1.2594575091542,1.18927636984236,1.60842653299143,1.6447781592816,1.39483927301822,1.29152821530193,1.83659706303691,1.72301004301897,1.50837137620355,1.07884812219015,1.53159664037246,1.18268864889754,1.03757628194875,1.1236746283824,1.83479676900189,1.20518018407988,1.523163432499,1.60130675537573,1.9008292341143,1.95616056907743,1.04196311488839,1.68819836652288,1.09403494470475,1.31103631030351,1.53371696478395,1.06007559227761,1.13442259986625,1.47765603264685,1.21432329538014,1.65109567281375,1.51465274976317,1.473780805,1.84037204265612,1.12307928228894,1.11855896381594,1.23521131520868,1.41460749759088,1.95515602685286,1.95822135869331,1.92297887379442,1.03400414857734,1.48981799860011,1.10566752269197,1.07158043052609,1.6134926269825,1.94046429169386,1.27676061507164,1.13665605901585
1.15424770310253,53.1775898487203,1.09281662762762,1.58373416149231,1.86578821524316,1.18685157233237,1.89477047226148,1.39950518002711,1.24692716507564,1.02919307166207,1.87716121267395,1.46125046045578,1.68028874447583,1.39181396197146,1.93503126545578,1.52066078666628,1.51489324426041,1.05359022880606,1.75587210187496,1.92950074231694,1.00874625565891,1.71409346010261,1.85247961564571,1.04275040423626,1.20391145823706,1.95814713833767,1.11433083522801,1.81740408521956,1.89861142956587,1.39109145029964,1.95406014423541,1.44038247616979,1.56868129901992,1.04687677139737,1.02411663719645,1.43446951426308,1.2337283441954,1.91888710945793,1.83397469429019,1.48065550927103,1.94808018112,1.71113590649848,1.94190596972681,1.62836892513017,1.10294986800428,1.87693723518259,1.14902971133079,1.61784311226469,1.93052746398865,1.90490181367141,1.54734385411597,1.93927371964756
1.5166730729475,1.09281662762762,53.9820241243495,1.82290673201108,1.35797060763369,1.09635495911183,1.64031081676498,1.25658203719956,1.48744640941147,1.59437096100038,1.69696451336935,1.05612770796573,1.64124773239775,1.7210811505658,1.49059722222881,1.87497607659315,1.63996826002373,1.32457191605334,1.35563158539852,1.58804844067807,1.03570782208615,1.29753755512533,1.21641736580823,1.13865769009043,1.17447478984225,1.36544707713902,1.75650080282078,1.10500225336524,1.27034889034477,1.30384465647109,1.0442759730128,1.8893441641188,1.70366812623277,1.02630009689662,1.71225089566421,1.06163873386646,1.12265505600844,1.35256171196353,1.31822077106602,1.61010146541991,1.94693267296391,1.01518528396971,1.66622917338564,1.58818040536166,1.73626643453551,1.15682639561446,1.46315648148915,1.37623469409358,1.4813983116678,1.81878806735332,1.9642831352373,1.51710613421961
1.03699671711633,1.58373416149231,1.82290673201108,53.2908004118552,1.5461475777189,1.41226462666516,1.39580266522048,1.81649646852934,1.71610928360192,1.44007863823328,1.70584063218247,1.41977740936902,1.4663787351299,1.41809152738102,1.48141614323548,1.58903379113834,1.77065323934455,1.79963691430149,1.19913525609259,1.71758591230846,1.8148221982712,1.8653644299439,1.30576631720446,1.55108863280671,1.0221908250927,1.76892279869361,1.92732332690029,1.50358913676049,1.58771086558127,1.89160646167193,1.02069527051444,1.70403648759426,1.07230696178614,1.67645909529014,1.99483689944951,1.61845453997071,1.08872372148965,1.39063956466999,1.43495100803438,1.80483300509156,1.83071820290327,1.14079163975119,1.22461041446059,1.29709693803317,1.55888316713222,1.70602655769606,1.88613072917151,1.3295364060111,1.50566347199756,1.0852659852641,1.04712231785391,1.3204856698031
1.2594575091542,1.86578821524316,1.35797060763369,1.5461475777189,53.121811433752,1.7988976295101,1.47641037659552,1.70952229933325,1.69050409071637,1.49710564757563,1.41355878692752,1.76281105296817,1.17356474240011,1.40839568591136,1.38126559247322,1.26228846388976,1.79903525058135,1.8162166005076,1.06712146898132,1.62975345348462,1.95700824025879,1.2917318834419,1.92685039151779,1.51589140692534,1.99775844113797,1.81298112022364,1.84542781293645,1.50342191266987,1.89824710548774,1.89255013125602,1.82390758293863,1.84887752023008,1.24543876584873,1.69548188508278,1.82169876006511,1.36725019960071,1.49437951412722,1.29810913666063,1.07677249893396,1.18488360484358,1.79521478423626,1.49033128586148,1.94769465781175,1.96877952663637,1.89872697177284,1.32896024981931,1.23106799006046,1.69776222235419,1.14517684986125,1.29818945904178,1.32751567537315,1.10218508965438
1.18927636984236,1.18685157233237,1.09635495911183,1.41226462666516,1.7988976295101,53.4635043090505,1.09110169582586,1.96559429213665,1.35605443984086,1.91500927876449,1.81447181190107,1.60149320615525,1.61049116384727,1.63617057196618,1.96874340575596,1.10487067750882,1.93427970862681,1.04551590422425,1.2897542823524,1.72949449239741,1.53584719008573,1.23744893969849,1.69827401856811,1.43457416185857,1.5664091895178,1.92934200862858,1.13233638374709,1.71158603937905,1.22753146767036,1.45985205912024,1.81377112903342,1.81745281015404,1.71421812554552,1.43184762514748,1.40513259331003,1.78156531172877,1.89535193466365,1.49623428960155,1.74715960339976,1.25140637403885,1.41124356790038,1.56163141530083,1.8528995801941,1.02173473128198,1.19780198680135,1.82164298595006,1.12660540925646,1.13208169496249,1.86715889017431,1.41635969160886,1.8615761873599,1.40300608026004
1.60842653299143,1.89477047226148,1.64031081676498,1.39580266522048,1.47641037659552,1.09110169582586,53.9318038606699,1.71672368129563,1.42976868452028,1.74557498923762,1.53417649144967,1.14398680960014,1.1774226143851,1.9393090847597,1.92555212132891,1.07277454858309,1.4355433738956,1.67271172472868,1.32418092262195,1.84678694226164,1.23434313956385,1.17708050281605,1.86852167354362,1.43214512636519,1.99872348876611,1.99512708280009,1.56422682132769,1.86588237847475,1.41148677440895,1.42580300822193,1.26888845826913,1.06529540571631,1.98565321368429,1.10646869992207,1.28551322654146,1.4748454268439,1.07638532532211,1.21731708674567,1.19156910813952,1.50615400984239,1.96289207644895,1.72574559958919,1.65014081944252,1.1403146903684,1.66505468388323,1.57569294077144,1.21308923895149,1.10059805777883,1.24840466503445,1.53727016157344,1.94738500004047,1.4827478045983
1.6447781592816,1.39950518002711,1.25658203719956,1.81649646852934,1.70952229933325,1.96559429213665,1.71672368129563,53.2225205298618,1.90492276004745,1.84784498943381,1.28781593557811,1.89057597326607,1.95431368982155,1.57332916211958,1.36542139964431,1.03069901467799,1.7906462493309,1.55699050778383,1.53685302498604,1.75353832531419,1.28273610690736,1.1869938439629,1.89385301568259,1.94779079125626,1.76268678473434,1.10694225416842,1.04838884856943,1.01109144930313,1.64421241574186,1.99577384860989,1.49383925390143,1.35856308013134,1.81168052126266,1.40873218439926,1.0716372323556,1.62271427671551,1.88785193622478,1.65059376352029,1.84523480657732,1.79277469580657,1.4984387529541,1.13305074168977,1.68335066860698,1.45275244230998,1.70637990427501,1.04877206825128,1.48345145698797,1.49702615314025,1.60576257603511,1.02030448150835,1.25056447798878,1.88849868340813
1.39483927301822,1.24692716507564,1.48744640941147,1.71610928360192,1.69050409071637,1.35605443984086,1.42976868452028,1.90492276004745,53.8804521709124,1.47491581387581,1.25413524278166,1.69213269170939,1.88364799874073,1.32577247560293,1.3148469684249,1.77149993449985,1.97636623912322,1.16008177453656,1.56427463030642,1.47480499161165,1.29313251669199,1.24762529844773,1.92755743392164,1.99951242096699,1.29639736669902,1.41100889090961,1.49653857364158,1.90215994319979,1.43131337241796,1.74710305163036,1.79065862614226,1.63861169835488,1.89152054483607,1.62694809987533,1.60859680902613,1.14288029174455,1.51162642217783,1.58967336900051,1.03845245439487,1.39207859262455,1.06458918241066,1.2925876976422,1.08421128386828,1.9482371811514,1.61836017324513,1.39905825229318,1.71973711565125,1.59472641190268,1.5591400272954,1.284011745492,1.06953140351434,1.85227254398739
1.29152821530193,1.02919307166207,1.59437096100038,1.44007863823328,1.49710564757563,1.91500927876449,1.74557498923762,1.84784498943381,1.47491581387581,53.5208529795151,1.47802279865277,1.98694713366541,1.14780107892482,1.08661960721324,1.1298274249443,1.65942750110264,1.67629297621376,1.16827987933917,1.05150609326153,1.74088215909008,1.46086757698137,1.13571737712981,1.68911933977582,1.07922774976083,1.53477562988865,1.4088564549614,1.67395416212918,1.09391565671839,1.6928682004534,1.74348556564352,1.94618820070577,1.22450524439314,1.74057440261383,1.79797316472883,1.05253965503189,1.14867213049376,1.14629670192781,1.78273400887043,1.98808323125731,1.24172329075715,1.30358698791991,1.46610602944442,1.2286704239569,1.45138806684473,1.55272563712333,1.3584978489012,1.11081556748171,1.22901861287142,1.52677772824037,1.16232166074324,1.9699007719615,1.9876453056874
1.83659706303691,1.87716121267395,1.69696451336935,1.70584063218247,1.41355878692752,1.81447181190107,1.53417649144967,1.28781593557811,1.25413524278166,1.47802279865277,53.9852500115453,1.22488718490344,1.67089168898337,1.03778966611148,1.3735593153972,1.81718839091118,1.82052367498191,1.36164254618885,1.05891168120266,1.12411066243616,1.82774857563327,1.28758210515957,1.57549872928089,1.38047421229094,1.64607995406076,1.68631429676261,1.60949282562802,1.17285768230113,1.84863595750585,1.57939359712386,1.16050298752287,1.14667499491324,1.23841370839552,1.22737604250544,1.97948966314061,1.30629027509423,1.96820326008285,1.90621998715504,1.06703504178069,1.45251604190679,1.77913851187524,1.05228505286029,1.67740322681023,1.45003020039295,1.09007471897177,1.05096254174177,1.26721859130413,1.91059839395368,1.41260508793062,1.3261302725068,1.03470905592419,1.24035366356389
1.72301004301897,1.46125046045578,1.05612770796573,1.41977740936902,1.76281105296817,1.60149320615525,1.14398680960014,1.89057597326607,1.69213269170939,1.98694713366541,1.22488718490344,53.0481280065366,1.82052904452222,1.27132269613041,1.35441828163081,1.7887323041394,1.17754268328545,1.4214533234115,1.24124834558053,1.95668119516069,1.47373837627179,1.91865157285642,1.40671139508798,1.56381309524356,1.96961411459819,1.67392998639212,1.47441148873158,1.38221920252881,1.00006025889891,1.50912054465577,1.6225728660927,1.61377263703094,1.11932832939519,1.24340074148187,1.87356496875806,1.41585041089722,1.47372144296473,1.30621498278632,1.56100844943943,1.28343574110579,1.89936798433744,1.85284148336055,1.33156374764236,1.719897028394,1.12416417902529,1.68598202973883,1.50862933206774,1.30170686231074,1.10743535268467,1.74987767811393,1.25838805700577,1.58117372942212
1.50837137620355,1.68028874447583,1.64124773239775,1.4663787351299,1.17356474240011,1.61049116384727,1.1774226143851,1.95431368982155,1.88364799874073,1.14780107892482,1.67089168898337,1.82052904452222,53.8863361747406,1.82642730317378,1.66369759834544,1.36005761723968,1.13264228549443,1.22470604778487,1.64349335834547,1.03201026936621,1.07754753067975,1.97505710598783,1.75190729822587,1.20171170970505,1.66103913526099,1.26053662982794,1.50341857248145,1.76847448841132,1.01041430747621,1.76180662948722,1.34964821736778,1.67894355798091,1.42690608158098,1.49463504156779,1.31708692261814,1.76593552053251,1.11403335449939,1.33744948931851,1.10502521745163,1.24255221255242,1.98038492257725,1.05788755186735,1.49039940000065,1.8667210968522,1.88431485504113,1.15409699788042,1.22677871362622,1.0169571400699,1.37880304566529,1.87027207197168,1.04896740943611,1.45635057634504
1.07884812219015,1.39181396197146,1.7210811505658,1.41809152738102,1.40839568591136,1.63617057196618,1.9393090847597,1.57332916211958,1.32577247560293,1.08661960721324,1.03778966611148,1.27132269613041,1.82642730317378,53.0678561255652,1.11612908966659,1.23315941413546,1.40530561488369,1.22115430711822,1.47571162668788,1.38569053699527,1.27904185898557,1.96611102668853,1.25241163338181,1.16335671356104,1.12020802410329,1.47919034700803,1.18031385363094,1.49901107023424,1.34946241851405,1.22928126353271,1.95536164657928,1.1947915960079,1.03015597072903,1.61342393262937,1.70115990876274,1.09156730821895,1.77490479116091,1.97600270946324,1.16339295365074,1.69819227917967,1.60049372706585,1.91416215706345,1.04838584831375,1.71961978623626,1.98201828262863,1.16451493798034,1.95277920037172,1.38732389704665,1.38566924509856,1.42849082659394,1.77301443450759,1.6647111045498
1.53159664037246,1.93503126545578,1.49059722222881,1.48141614323548,1.38126559247322,1.96874340575596,1.92555212132891,1.36542139964431,1.3148469684249,1.1298274249443,1.3735593153972,1.35441828163081,1.66369759834544,1.11612908966659,53.3593862146881,1.35751131705824,1.72603304671405,1.52277916833888,1.05570359577225,1.32652677331424,1.43694132493666,1.104089444086,1.0461465595505,1.41895960709963,1.26860438206634,1.99892575992221,1.80628350414628,1.65427362763056,1.42741658651615,1.57929793818821,1.3189847317147,1.82201843933296,1.60472400607761,1.14705254935988,1.33682831625306,1.10934042050938,1.15543422110166,1.35064926340741,1.96341925392087,1.39309715637616,1.31983185714103,1.01228968287459,1.66091606284534,1.90243838350402,1.76232002059106,1.02030227706782,1.2599497000966,1.4883530673051,1.54308144540669,1.31565329633451,1.81487984061934,1.98002277034336
1.18268864889754,1.52066078666628,1.87497607659315,1.58903379113834,1.26228846388976,1.10487067750882,1.07277454858309,1.03069901467799,1.77149993449985,1.65942750110264,1.81718839091118,1.7887323041394,1.36005761723968,1.23315941413546,1.35751131705824,53.9640922527593,1.79686476513597,1.46204749888836,1.3571894086698,1.11669662181134,1.47433718176295,1.01810547104948,1.0191350048497,1.23665720235401,1.0384077481173,1.27908470541196,1.72501026965911,1.581489193524,1.59473800174647,1.53989010981279,1.56151196340169,1.01448074170131,1.40091650998263,1.96049434037902,1.70282786465382,1.26086866960901,1.16576022103697,1.04544861430556,1.54823741575155,1.95032404034879,1.70705409613766,1.6576246007614,1.3396118648069,1.51571212732965,1.1038401020243,1.83824011024006,1.47980437962329,1.90070486762594,1.30028760866275,1.83699378829309,1.01740148897162,1.77462479089136
1.03757628194875,1.51489324426041,1.63996826002373,1.77065323934455,1.79903525058135,1.93427970862681,1.4355433738956,1.7906462493309,1.97636623912322,1.67629297621376,1.82052367498191,1.17754268328545,1.13264228549443,1.40530561488369,1.72603304671405,1.79686476513597,53.6731164221061,1.48620496666348,1.11308676568469,1.38017051824376,1.14382956742487,1.4526986304916,1.89588264557341,1.24766966944918,1.29093874026599,1.37568702473104,1.14837453660945,1.59122634892875,1.21268081255848,1.16577602604673,1.36585113935445,1.06778007190106,1.20231252033371,1.37713313213416,1.96128708029226,1.51793372003265,1.11342539410732,1.43628328127613,1.4282929210124,1.38960776635893,1.4727914456617,1.35313286369347,1.06670664766184,1.4697939504263,1.98080067149401,1.00467419903943,1.63255667622786,1.65391709360011,1.49087916570291,1.74564344191255,1.03408761137821,1.63470873312778
1.1236746283824,1.05359022880606,1.32457191605334,1.79963691430149,1.8162166005076,1.04551590422425,1.67271172472868,1.55699050778383,1.16008177453656,1.16827987933917,1.36164254618885,1.4214533234115,1.22470604778487,1.22115430711822,1.52277916833888,1.46204749888836,1.48620496666348,53.3450681261462,1.32652459308809,1.45647997244097,1.69820099030538,1.39323124121559,1.92627392333293,1.67900166133372,1.39790544025502,1.55883059909513,1.33291875446817,1.88878460595793,1.30447404100768,1.36700636584638,1.52349333908572,1.50281611294617,1.29697662233234,1.40587174166267,1.99209692561631,1.60263390354935,1.43662468084908,1.07260408628388,1.12097199732483,1.63315364654788,1.51896238677155,1.70709016346703,1.03199513164907,1.34245381939339,1.25449540897016,1.94877033771424,1.27937064658821,1.23818393574943,1.29383846339483,1.6058952396763,1.6946639081904,1.9920394537002
1.83479676900189,1.75587210187496,1.35563158539852,1.19913525609259,1.06712146898132,1.2897542823524,1.32418092262195,1.53685302498604,1.56427463030642,1.05150609326153,1.05891168120266,1.24124834558053,1.64349335834547,1.47571162668788,1.05570359577225,1.3571894086698,1.11308676568469,1.32652459308809,53.2849599338532,1.57072198231272,1.09863892155636,1.31695506596796,1.91317580170612,1.35313433052652,1.26572540321654,1.19254644782867,1.59131826627595,1.55956386661137,1.79844168797063,1.28598217400069,1.55160332031157,1.79756816839686,1.90692000552403,1.22264443487983,1.19460008907812,1.08668843521117,1.22660430391627,1.48041661571731,1.57093090637165,1.59757053926474,1.28972648097655,1.55798949001263,1.26551339694556,1.50490808789847,1.53714499926993,1.53609015817572,1.15671437520381,1.58890459434544,1.92763891673071,1.44167430952269,1.1596265761925,1.02627783782141
1.20518018407988,1.92950074231694,1.58804844067807,1.71758591230846,1.62975345348462,1.72949449239741,1.84678694226164,1.75353832531419,1.47480499161165,1.74088215909008,1.12411066243616,1.95668119516069,1.03201026936621,1.38569053699527,1.32652677331424,1.11669662181134,1.38017051824376,1.45647997244097,1.57072198231272,53.8261018674011,1.37924144481273,1.4478546397052,1.3310099548339,1.91638644408266,1.98394479788092,1.4877243300377,1.50529103796244,1.91158371414597,1.9293986395604,1.66491761462061,1.93786155196738,1.68802801458539,1.73771999251923,1.31727371984966,1.71238279282692,1.00306881778085,1.28800415400788,1.29630143767982,1.06685933147876,1.54471676263247,1.43182340237863,1.92821801357354,1.70834937584975,1.78998980242293,1.98417678428077,1.95867042474387,1.37476050591784,1.52055217023965,1.77992237907831,1.55710174867748,1.34665403717507,1.15916382342538
1.523163432499,1.00874625565891,1.03570782208615,1.8148221982712,1.95700824025879,1.53584719008573,1.23434313956385,1.28273610690736,1.29313251669199,1.46086757698137,1.82774857563327,1.47373837627179,1.07754753067975,1.27904185898557,1.43694132493666,1.47433718176295,1.14382956742487,1.69820099030538,1.09863892155636,1.37924144481273,53.9816250745122,1.69669046425106,1.01331241010377,1.96580185832726,1.65536088852927,1.3880729160216,1.48635402810124,1.43528326714192,1.94517466516475,1.83300806527632,1.59444709103296,1.95013105354744,1.51067205681963,1.66999735807534,1.93903223934538,1.6760603788663,1.25083866308017,1.8395171392893,1.77084734000771,1.4965975827056,1.67786359120061,1.55366231526884,1.48007649438459,1.83348376296157,1.0488600833569,1.4666242243101,1.27710808826476,1.84035928959044,1.52003128524871,1.26544917666607,1.06368189773694,1.50165635976086
1.60130675537573,1.71409346010261,1.29753755512533,1.8653644299439,1.2917318834419,1.23744893969849,1.17708050281605,1.1869938439629,1.24762529844773,1.13571737712981,1.28758210515957,1.91865157285642,1.97505710598783,1.96611102668853,1.104089444086,1.01810547104948,1.4526986304916,1.39323124121559,1.31695506596796,1.4478546397052,1.69669046425106,53.5447409849357,1.65026967397438,1.34692248485373,1.0113652087801,1.92737776223914,1.18728177397851,1.53139649449447,1.19282693843955,1.25096367171545,1.03305285378967,1.15496657889102,1.32795798002181,1.50051107141213,1.77246710787176,1.79302520434979,1.45432331713583,1.82525090399443,1.20326709291119,1.24114362813586,1.47248179021873,1.56364003502002,1.5386359959555,1.78971003498403,1.86304521600858,1.51218874217579,1.3577769428295,1.00196753582077,1.25658882793812,1.42244143338056,1.81875344729924,1.55465122896929
1.9008292341143,1.85247961564571,1.21641736580823,1.30576631720446,1.92685039151779,1.69827401856811,1.86852167354362,1.89385301568259,1.92755743392164,1.68911933977582,1.57549872928089,1.40671139508798,1.75190729822587,1.25241163338181,1.0461465595505,1.0191350048497,1.89588264557341,1.92627392333293,1.91317580170612,1.3310099548339,1.01331241010377,1.65026967397438,53.604104236981,1.09075468689704,1.78979972972991,1.96188117981045,1.09272222271782,1.04638855720236,1.38432261272535,1.91147567048272,1.60103978617165,1.35150503104157,1.38049879082502,1.50261349999468,1.33005265813789,1.77689967387211,1.59146898779621,1.83999677972868,1.36612749535876,1.93128814731319,1.38299375464348,1.11032189573642,1.59906528685198,1.42650180097041,1.62698340398585,1.05986762980924,1.92433316489883,1.9688958162297,1.72393706660901,1.66330815649745,1.78329001822662,1.95164653749748
1.95616056907743,1.04275040423626,1.13865769009043,1.55108863280671,1.51589140692534,1.43457416185857,1.43214512636519,1.94779079125626,1.99951242096699,1.07922774976083,1.38047421229094,1.56381309524356,1.20171170970505,1.16335671356104,1.41895960709963,1.23665720235401,1.24766966944918,1.67900166133372,1.35313433052652,1.91638644408266,1.96580185832726,1.34692248485373,1.09075468689704,53.3074303764419,1.06245076752382,1.98898123576724,1.27632619220592,1.78638783413283,1.65228939226469,1.05961620996688,1.73803437116464,1.59320853585061,1.44701046517445,1.78043559555916,1.32392740916644,1.79628589972681,1.91555904267149,1.10103483921896,1.52988394653885,1.96215815980088,1.47918205590881,1.61498702485812,1.38925606728962,1.35994277212766,1.03014276038396,1.59325364911615,1.83217247614273,1.28529527610414,1.16337872583576,1.23569032700532,1.92344154600214,1.84382569875746
1.04196311488839,1.20391145823706,1.17447478984225,1.0221908250927,1.99775844113797,1.5664091895178,1.99872348876611,1.76268678473434,1.29639736669902,1.53477562988865,1.64607995406076,1.96961411459819,1.66103913526099,1.12020802410329,1.26860438206634,1.0384077481173,1.29093874026599,1.39790544025502,1.26572540321654,1.98394479788092,1.65536088852927,1.0113652087801,1.78979972972991,1.06245076752382,53.4658089501158,1.31882833238637,1.19080384969283,1.6291876759516,1.55451865939168,1.11424539522931,1.47301337470906,1.79279212411157,1.10233501209986,1.62426944990841,1.09351635542396,1.07940586427199,1.05185171684802,1.18062842133484,1.70876610870881,1.53905019468584,1.0057748579447,1.93133488853059,1.47325913723244,1.61135689011372,1.47783107751879,1.2037539790402,1.13249796402291,1.12536210572597,1.46413276785246,1.61579719773298,1.25207518984195,1.33949858059152
1.68819836652288,1.95814713833767,1.36544707713902,1.76892279869361,1.81298112022364,1.92934200862858,1.99512708280009,1.10694225416842,1.41100889090961,1.4088564549614,1.68631429676261,1.67392998639212,1.26053662982794,1.47919034700803,1.99892575992221,1.27908470541196,1.37568702473104,1.55883059909513,1.19254644782867,1.4877243300377,1.3880729160216,1.92737776223914,1.96188117981045,1.98898123576724,1.31882833238637,53.4286446508154,1.9750914554927,1.41267974414522,1.04444184808267,1.22716664533465,1.75217832473674,1.53279434634968,1.96589769188589,1.99718547938261,1.48695579473253,1.02345707035784,1.43299648278998,1.07030491860132,1.6355351091528,1.98305288235799,1.12666741717917,1.04040527066235,1.6354442935602,1.80729936566544,1.53879178852718,1.3672415690344,1.53978303053406,1.21780672726119,1.80780495321742,1.81131689055418,1.90259652440557,1.17970322546535
1.09403494470475,1.11433083522801,1.75650080282078,1.92732332690029,1.84542781293645,1.13233638374709,1.56422682132769,1.04838884856943,1.49653857364158,1.67395416212918,1.60949282562802,1.47441148873158,1.50341857248145,1.18031385363094,1.80628350414628,1.72501026965911,1.14837453660945,1.33291875446817,1.59131826627595,1.50529103796244,1.48635402810124,1.18728177397851,1.09272222271782,1.27632619220592,1.19080384969283,1.9750914554927,53.653584333441,1.89324059239274,1.04695147231545,1.5561808578466,1.07294381739243,1.6030613601222,1.75492406857895,1.10237639215885,1.10771822375605,1.38231193012666,1.10690042241798,1.02505483153512,1.05414163929137,1.33859109801175,1.69456976405092,1.25876569527144,1.53617946549141,1.36127017548367,1.95034554598403,1.75722490332891,1.4609670697064,1.71223031483229,1.61380544985356,1.54371684582146,1.60078250085971,1.51079126704055
1.31103631030351,1.81740408521956,1.10500225336524,1.50358913676049,1.50342191266987,1.71158603937905,1.86588237847475,1.01109144930313,1.90215994319979,1.09391565671839,1.17285768230113,1.38221920252881,1.76847448841132,1.49901107023424,1.65427362763056,1.581489193524,1.59122634892875,1.88878460595793,1.55956386661137,1.91158371414597,1.43528326714192,1.53139649449447,1.04638855720236,1.78638783413283,1.6291876759516,1.41267974414522,1.89324059239274,53.7686086947884,1.37557837617378,1.86983575898681,1.27939996182891,1.63748929167049,1.16646981060806,1.22596883458363,1.98483584634254,1.6987384449219,1.82612204124505,1.22542299247599,1.27795855108553,1.9824561052874,1.53895395646754,1.46024001737136,1.8937142379087,1.95486131308361,1.75023970741324,1.18728429972533,1.47766909165199,1.06529422852457,1.53499600176466,1.33906796823212,1.07491851415249,1.14147339907543
1.53371696478395,1.89861142956587,1.27034889034477,1.58771086558127,1.89824710548774,1.22753146767036,1.41148677440895,1.64421241574186,1.43131337241796,1.6928682004534,1.84863595750585,1.00006025889891,1.01041430747621,1.34946241851405,1.42741658651615,1.59473800174647,1.21268081255848,1.30447404100768,1.79844168797063,1.9293986395604,1.94517466516475,1.19282693843955,1.38432261272535,1.65228939226469,1.55451865939168,1.04444184808267,1.04695147231545,1.37557837617378,53.8115533403175,1.33104463262998,1.73147313098026,1.54819965062113,1.77685760789405,1.42976947288484,1.43964920632525,1.05453211257911,1.39711907291651,1.09970745635205,1.70778499390361,1.23430443100366,1.03916566820776,1.99852716643295,1.23795960016454,1.20459271464711,1.27410518483916,1.94035321471298,1.1961418023315,1.77510619665268,1.92070537988129,1.17014699530329,1.81506116446809,1.36129756195531
1.06007559227761,1.39109145029964,1.30384465647109,1.89160646167193,1.89255013125602,1.45985205912024,1.42580300822193,1.99577384860989,1.74710305163036,1.74348556564352,1.57939359712386,1.50912054465577,1.76180662948722,1.22928126353271,1.57929793818821,1.53989010981279,1.16577602604673,1.36700636584638,1.28598217400069,1.66491761462061,1.83300806527632,1.25096367171545,1.91147567048272,1.05961620996688,1.11424539522931,1.22716664533465,1.5561808578466,1.86983575898681,1.33104463262998,53.5412746283884,1.93585175133117,1.82938607587916,1.35115207282414,1.4879812032394,1.92225623173744,1.63351488934528,1.29623677362513,1.60512611903489,1.72743104618389,1.43553697664083,1.01946913684694,1.36954685317797,1.35169478755058,1.86358162847514,1.4513118664973,1.32238471057377,1.10481319208854,1.63278433616868,1.00085962750058,1.58034918763691,1.85342247404783,1.67786171086033
1.13442259986625,1.95406014423541,1.0442759730128,1.02069527051444,1.82390758293863,1.81377112903342,1.26888845826913,1.49383925390143,1.79065862614226,1.94618820070577,1.16050298752287,1.6225728660927,1.34964821736778,1.95536164657928,1.3189847317147,1.56151196340169,1.36585113935445,1.52349333908572,1.55160332031157,1.93786155196738,1.59444709103296,1.03305285378967,1.60103978617165,1.73803437116464,1.47301337470906,1.75217832473674,1.07294381739243,1.27939996182891,1.73147313098026,1.93585175133117,53.0306553216794,1.91037198524474,1.1942739343244,1.65962430073862,1.85806557762346,1.09429991529058,1.01480674325247,1.38031335891239,1.78584554734912,1.91126381462033,1.83841289199815,1.3067772543555,1.15887295834668,1.78449362739199,1.74996519309933,1.03999699188396,1.02681113641095,1.79827925041238,1.64855207113947,1.7046656225364,1.86606244457237,1.62665400357295
1.47765603264685,1.44038247616979,1.8893441641188,1.70403648759426,1.84887752023008,1.81745281015404,1.06529540571631,1.35856308013134,1.63861169835488,1.22450524439314,1.14667499491324,1.61377263703094,1.67894355798091,1.1947915960079,1.82201843933296,1.01448074170131,1.06778007190106,1.50281611294617,1.79756816839686,1.68802801458539,1.95013105354744,1.15496657889102,1.35150503104157,1.59320853585061,1.79279212411157,1.53279434634968,1.6030613601222,1.63748929167049,1.54819965062113,1.82938607587916,1.91037198524474,53.6874815787596,1.62681734963638,1.58543649715625,1.77363045829052,1.46042263156754,1.70370243336246,1.21257294864048,1.91055511585928,1.73758897778466,1.68217076113549,1.2710595849301,1.96574945606559,1.81139287436912,1.48962963209005,1.2882098496371,1.95542173038955,1.08851303769672,1.39651579055773,1.01071440056465,1.52580933530154,1.81159898583386
1.21432329538014,1.56868129901992,1.70366812623277,1.07230696178614,1.24543876584873,1.71421812554552,1.98565321368429,1.81168052126266,1.89152054483607,1.74057440261383,1.23841370839552,1.11932832939519,1.42690608158098,1.03015597072903,1.60472400607761,1.40091650998263,1.20231252033371,1.29697662233234,1.90692000552403,1.73771999251923,1.51067205681963,1.32795798002181,1.38049879082502,1.44701046517445,1.10233501209986,1.96589769188589,1.75492406857895,1.16646981060806,1.77685760789405,1.35115207282414,1.1942739343244,1.62681734963638,53.8897710395464,1.37657540169385,1.78677443637828,1.88597136032114,1.31655041282836,1.16853177881266,1.83543836457442,1.08591550639175,1.07965781729652,1.47238694712165,1.48209794959151,1.57622035293664,1.8829659879594,1.33870302389315,1.77648532147356,1.50611797697196,1.10586321405408,1.71433926779513,1.81144072712,1.14408298914511
1.65109567281375,1.04687677139737,1.02630009689662,1.67645909529014,1.69548188508278,1.43184762514748,1.10646869992207,1.40873218439926,1.62694809987533,1.79797316472883,1.22737604250544,1.24340074148187,1.49463504156779,1.61342393262937,1.14705254935988,1.96049434037902,1.37713313213416,1.40587174166267,1.22264443487983,1.31727371984966,1.66999735807534,1.50051107141213,1.50261349999468,1.78043559555916,1.62426944990841,1.99718547938261,1.10237639215885,1.22596883458363,1.42976947288484,1.4879812032394,1.65962430073862,1.58543649715625,1.37657540169385,53.3197338852658,1.92058481039507,1.64300907898834,1.60802872600408,1.31866977378664,1.72615454007227,1.0384953459904,1.11668276512841,1.11703178571399,1.35873300552309,1.29127115816403,1.29468346773399,1.56494202537692,1.78240996402801,1.64086692856665,1.60658940933952,1.35946427628373,1.06670820669583,1.1206237399581
1.51465274976317,1.02411663719645,1.71225089566421,1.99483689944951,1.82169876006511,1.40513259331003,1.28551322654146,1.0716372323556,1.60859680902613,1.05253965503189,1.97948966314061,1.87356496875806,1.31708692261814,1.70115990876274,1.33682831625306,1.70282786465382,1.96128708029226,1.99209692561631,1.19460008907812,1.71238279282692,1.93903223934538,1.77246710787176,1.33005265813789,1.32392740916644,1.09351635542396,1.48695579473253,1.10771822375605,1.98483584634254,1.43964920632525,1.92225623173744,1.85806557762346,1.77363045829052,1.78677443637828,1.92058481039507,53.4752030086122,1.18255738317154,1.52350436315104,1.7953933332094,1.52276039287576,1.65880573897567,1.76338514674613,1.97379229123415,1.43682248771043,1.05111084508296,1.34540899952194,1.85784831589919,1.94686526988953,1.03569548159637,1.0050286832289,1.88111504022084,1.84266472926487,1.26924083673826
1.473780805,1.43446951426308,1.06163873386646,1.61845453997071,1.36725019960071,1.78156531172877,1.4748454268439,1.62271427671551,1.14288029174455,1.14867213049376,1.30629027509423,1.41585041089722,1.76593552053251,1.09156730821895,1.10934042050938,1.26086866960901,1.51793372003265,1.60263390354935,1.08668843521117,1.00306881778085,1.6760603788663,1.79302520434979,1.77689967387211,1.79628589972681,1.07940586427199,1.02345707035784,1.38231193012666,1.6987384449219,1.05453211257911,1.63351488934528,1.09429991529058,1.46042263156754,1.88597136032114,1.64300907898834,1.18255738317154,53.2949502725596,1.7917226784824,1.33613123574114,1.35662042179919,1.08609244138286,1.4178060141475,1.07702175484832,1.71570279901647,1.60224280161888,1.27262609650969,1.52787053935596,1.31018395224129,1.2636237709148,1.86279867257122,1.67693084137371,1.01800659160037,1.1715190960893
1.84037204265612,1.2337283441954,1.12265505600844,1.08872372148965,1.49437951412722,1.89535193466365,1.07638532532211,1.88785193622478,1.51162642217783,1.14629670192781,1.96820326008285,1.47372144296473,1.11403335449939,1.77490479116091,1.15543422110166,1.16576022103697,1.11342539410732,1.43662468084908,1.22660430391627,1.28800415400788,1.25083866308017,1.45432331713583,1.59146898779621,1.91555904267149,1.05185171684802,1.43299648278998,1.10690042241798,1.82612204124505,1.39711907291651,1.29623677362513,1.01480674325247,1.70370243336246,1.31655041282836,1.60802872600408,1.52350436315104,1.7917226784824,53.0047033419854,1.63057662762263,1.41289935699333,1.05266640198076,1.37462812772702,1.42980431599068,1.57402423097474,1.88250329852221,1.28630368285175,1.39033233252835,1.18210114733414,1.47893428545396,1.56326085634681,1.56779143799459,1.089370901738,1.81321113501359
1.12307928228894,1.91888710945793,1.35256171196353,1.39063956466999,1.29810913666063,1.49623428960155,1.21731708674567,1.65059376352029,1.58967336900051,1.78273400887043,1.90621998715504,1.30621498278632,1.33744948931851,1.97600270946324,1.35064926340741,1.04544861430556,1.43628328127613,1.07260408628388,1.48041661571731,1.29630143767982,1.8395171392893,1.82525090399443,1.83999677972868,1.10103483921896,1.18062842133484,1.07030491860132,1.02505483153512,1.22542299247599,1.09970745635205,1.60512611903489,1.38031335891239,1.21257294864048,1.16853177881266,1.31866977378664,1.7953933332094,1.33613123574114,1.63057662762263,53.9229584480277,1.60645203180912,1.72548962697642,1.37705029983867,1.311454362381,1.27939101647557,1.32037206893804,1.83866903411162,1.03685859499353,1.2683971795572,1.99646033346488,1.20722553003916,1.26908869262277,1.52887975961383,1.80739678154113
1.11855896381594,1.83397469429019,1.31822077106602,1.43495100803438,1.07677249893396,1.74715960339976,1.19156910813952,1.84523480657732,1.03845245439487,1.98808323125731,1.06703504178069,1.56100844943943,1.10502521745163,1.16339295365074,1.96341925392087,1.54823741575155,1.4282929210124,1.12097199732483,1.57093090637165,1.06685933147876,1.77084734000771,1.20326709291119,1.36612749535876,1.52988394653885,1.70876610870881,1.6355351091528,1.05414163929137,1.27795855108553,1.70778499390361,1.72743104618389,1.78584554734912,1.91055511585928,1.83543836457442,1.72615454007227,1.52276039287576,1.35662042179919,1.41289935699333,1.60645203180912,53.3248216534615,1.47885957475699,1.49845608998949,1.86446315742306,1.74975106993213,1.85444517939093,1.53655265250083,1.60238669468201,1.00972950086451,1.1316005956063,1.06147435124101,1.89050344978017,1.10369883855046,1.83201637064666
1.23521131520868,1.48065550927103,1.61010146541991,1.80483300509156,1.18488360484358,1.25140637403885,1.50615400984239,1.79277469580657,1.39207859262455,1.24172329075715,1.45251604190679,1.28343574110579,1.24255221255242,1.69819227917967,1.39309715637616,1.95032404034879,1.38960776635893,1.63315364654788,1.59757053926474,1.54471676263247,1.4965975827056,1.24114362813586,1.93128814731319,1.96215815980088,1.53905019468584,1.98305288235799,1.33859109801175,1.9824561052874,1.23430443100366,1.43553697664083,1.91126381462033,1.73758897778466,1.08591550639175,1.0384953459904,1.65880573897567,1.08609244138286,1.05266640198076,1.72548962697642,1.47885957475699,53.1279672920368,1.83016376934488,1.4410725321812,1.38777087693465,1.5992682928216,1.38443911093494,1.26675444900373,1.33317133706676,1.14758026699889,1.47055967453428,1.54593395606891,1.40917751351799,1.53882805702222
1.41460749759088,1.94808018112,1.94693267296391,1.83071820290327,1.79521478423626,1.41124356790038,1.96289207644895,1.4984387529541,1.06458918241066,1.30358698791991,1.77913851187524,1.89936798433744,1.98038492257725,1.60049372706585,1.31983185714103,1.70705409613766,1.4727914456617,1.51896238677155,1.28972648097655,1.43182340237863,1.67786359120061,1.47248179021873,1.38299375464348,1.47918205590881,1.0057748579447,1.12666741717917,1.69456976405092,1.53895395646754,1.03916566820776,1.01946913684694,1.83841289199815,1.68217076113549,1.07965781729652,1.11668276512841,1.76338514674613,1.4178060141475,1.37462812772702,1.37705029983867,1.49845608998949,1.83016376934488,53.7635932838375,1.09008565828674,1.49652189598257,1.82132567829514,1.13893245632711,1.64632896736559,1.82557540937586,1.1543560857672,1.77645512520171,1.95779243295909,1.99994348455218,1.34765381475336
1.95515602685286,1.71113590649848,1.01518528396971,1.14079163975119,1.49033128586148,1.56163141530083,1.72574559958919,1.13305074168977,1.2925876976422,1.46610602944442,1.05228505286029,1.85284148336055,1.05788755186735,1.91416215706345,1.01228968287459,1.6576246007614,1.35313286369347,1.70709016346703,1.55798949001263,1.92821801357354,1.55366231526884,1.56364003502002,1.11032189573642,1.61498702485812,1.93133488853059,1.04040527066235,1.25876569527144,1.46024001737136,1.99852716643295,1.36954685317797,1.3067772543555,1.2710595849301,1.47238694712165,1.11703178571399,1.97379229123415,1.07702175484832,1.42980431599068,1.311454362381,1.86446315742306,1.4410725321812,1.09008565828674,53.977928863828,1.46981208886477,1.09853515499203,1.26288133452781,1.11494025965917,1.17611900678655,1.15331322287829,1.11594305751656,1.79374394416518,1.80733839506625,1.2070315136607
1.95822135869331,1.94190596972681,1.66622917338564,1.22461041446059,1.94769465781175,1.8528995801941,1.65014081944252,1.68335066860698,1.08421128386828,1.2286704239569,1.67740322681023,1.33156374764236,1.49039940000065,1.04838584831375,1.66091606284534,1.3396118648069,1.06670664766184,1.03199513164907,1.26551339694556,1.70834937584975,1.48007649438459,1.5386359959555,1.59906528685198,1.38925606728962,1.47325913723244,1.6354442935602,1.53617946549141,1.8937142379087,1.23795960016454,1.35169478755058,1.15887295834668,1.96574945606559,1.48209794959151,1.35873300552309,1.43682248771043,1.71570279901647,1.57402423097474,1.27939101647557,1.74975106993213,1.38777087693465,1.49652189598257,1.46981208886477,53.7922641778329,1.16109633499808,1.75433738052581,1.87907960213678,1.03324096977396,1.85703871951301,1.56462807420857,1.41867690832293,1.80054125599588,1.22810540964273
1.92297887379442,1.62836892513017,1.58818040536166,1.29709693803317,1.96877952663637,1.02173473128198,1.1403146903684,1.45275244230998,1.9482371811514,1.45138806684473,1.45003020039295,1.719897028394,1.8667210968522,1.71961978623626,1.90243838350402,1.51571212732965,1.4697939504263,1.34245381939339,1.50490808789847,1.78998980242293,1.83348376296157,1.78971003498403,1.42650180097041,1.35994277212766,1.61135689011372,1.80729936566544,1.36127017548367,1.95486131308361,1.20459271464711,1.86358162847514,1.78449362739199,1.81139287436912,1.57622035293664,1.29127115816403,1.05111084508296,1.60224280161888,1.88250329852221,1.32037206893804,1.85444517939093,1.5992682928216,1.82132567829514,1.09853515499203,1.16109633499808,53.695706015311,1.77517416736818,1.97149223087891,1.60097343269781,1.1492153695548,1.61130229365607,1.26363546413539,1.40659431107649,1.42559480966329
1.03400414857734,1.10294986800428,1.73626643453551,1.55888316713222,1.89872697177284,1.19780198680135,1.66505468388323,1.70637990427501,1.61836017324513,1.55272563712333,1.09007471897177,1.12416417902529,1.88431485504113,1.98201828262863,1.76232002059106,1.1038401020243,1.98080067149401,1.25449540897016,1.53714499926993,1.98417678428077,1.0488600833569,1.86304521600858,1.62698340398585,1.03014276038396,1.47783107751879,1.53879178852718,1.95034554598403,1.75023970741324,1.27410518483916,1.4513118664973,1.74996519309933,1.48962963209005,1.8829659879594,1.29468346773399,1.34540899952194,1.27262609650969,1.28630368285175,1.83866903411162,1.53655265250083,1.38443911093494,1.13893245632711,1.26288133452781,1.75433738052581,1.77517416736818,53.7926094270277,1.06621944208919,1.33490111368471,1.19121370007806,1.11279667453505,1.84587010966887,1.93190127933952,1.35396236989366
