53.551089036535,1.29769788556625,1.24048065638192,1.94816243646115,1.79062389945175,1.89047971968096,1.15553777672143,1.47618015225799,1.67075603020878,1.15211212968086,1.23778371104867,1.89955556620823,1.00378072960478,1.08309741694624,1.7593940257837,1.26040192100238,1.66792469269965,1.56791509621214,1.38012687227695,1.73648452467121,1.04131627224447,1.82016584175647,1.02058003564392,1.65033403395225,1.51235357416438,1.26435156085731,1.08149581359769,1.83113784055744,1.27961037693527,1.27826261300513,1.20511420732602,1.83069941393598,1.57596049857138,1.44559486370794,1.77886184993147,1.36658439755746,1.33607458292324,1.93439962711856,1.84276455028111,1.00683061313202,1.08651175633376,1.08054826086413,1.90638617934025,1.09029248593854,1.16364567781037,1.66578020465829,1.35069440694093,1.83157037051002,1.23369530040477,1.73082127921787,1.56805489518123,1.2750115731149
1.29769788556625,53.5886349308252,1.92534560706715,1.06334069467305,1.85298649168247,1.00684142019918,1.89447853523049,1.13259686815208,1.28510403366997,1.09959274209086,1.96329628208806,1.86106453224135,1.54518760626446,1.74215813201953,1.22764892979881,1.8812621891877,1.67655775867242,1.07041347961426,1.88809280231972,1.76306951500618,1.15096174047839,1.79447898119431,1.85336200094473,1.31460741875442,1.46025918538694,1.20405640788565,1.14617778879878,1.69395448625738,1.93487768710352,1.71423268398001,1.96896605937228,1.4858648076122,1.30286761433951,1.89431166597377,1.54920550228525,1.15585410555632,1.90115308663862,1.44368403751575,1.28845097417405,1.18625711984292,1.5432767796066,1.25174725579645,1.04732165161861,1.0884643854054,1.99390538781598,1.27497058141742,1.96972657505876,1.67046314602274,1.34538406103169,1.85781937691282,1.43353266056326,1.49634580197574
1.24048065638192,1.92534560706715,53.8109532207302,1.11255754302841,1.49095106939364,1.95713100952894,1.80651202928578,1.4258287560315,1.67136369350895,1.7754780881924,1.91169356410936,1.97423130784846,1.66978975416617,1.46089906592895,1.13008541340478,1.57094284033912,1.9045831034447,1.41853638757883,1.75719996018205,1.4478598830513,1.67028364337528,1.80452161180066,1.5363242684567,1.66418903119126,1.07949219321808,1.5060508430498,1.33465217674833,1.42487625424977,1.36387021996261,1.76818483777725,1.92122205622551,1.01616857760407,1.05507949881958,1.73217527649001,1.12872612063248,1.54603056821322,1.68930628601895,1.93523815038392,1.97185932424472,1.36066997906224,1.71071623811066,1.88355288788842,1.33490128644505,1.38050599181117,1.34445195381737,1.46498669984983,1.95144883215029,1.24903505679641,1.88352308742866,1.70864879186668,1.69689493984771,1.55380673080394
1.94816243646115,1.06334069467305,1.11255754302841,53.5926625968854,1.7392700513542,1.55264793827787,1.01753885066953,1.10314027085115,1.32083277558947,1.93876090736071,1.11930884845523,1.37591227440904,1.67093618338506,1.24803496955337,1.92194284262226,1.36024246893834,1.18327311947163,1.89380216686698,1.72091244800059,1.89398935758229,1.77735505428973,1.05581373444563,1.27449534939346,1.12180700764144,1.52080043429546,1.22594418107809,1.37084206490351,1.40432352172412,1.93459297341043,1.06773700428556,1.95813025252807,1.44776337661211,1.30095621258996,1.17612601359194,1.04042597303187,1.04022626394417,1.72877395186982,1.0579648237014,1.14336653479532,1.04960672745928,1.99672573106211,1.2626753837162,1.42551900186833,1.66766191444716,1.51071035326957,1.34746184449059,1.02790438291985,1.6939834727412,1.24126401089191,1.7488168313861,1.58797282985783,1.01861906471598
1.79062389945175,1.85298649168247,1.49095106939364,1.7392700513542,53.0884123603294,1.51126813772659,1.72975452138565,1.02300533327414,1.57900514201215,1.68788477344806,1.47076870988625,1.87996135506777,1.86401078704,1.51119468291811,1.92018761901194,1.59278473890982,1.56915950661952,1.06355415334159,1.6423914663691,1.56588523768163,1.3262295370578,1.06791046777177,1.23354715166313,1.83693989032737,1.41537231226236,1.26145153458298,1.53092336260291,1.65663632315427,1.01026836550341,1.11889619246074,1.67525538833591,1.81489893133515,1.98136437171202,1.81568146115899,1.14032993099668,1.06977673157574,1.32694959841992,1.87008445238233,1.09278206484987,1.90595474043207,1.55796922583038,1.56355077473612,1.78591609503418,1.42198001240472,1.07474545718857,1.70610371358046,1.01476475084888,1.64390496427375,1.76965786738771,1.65715621721798,1.20979020148972,1.09588740397984
1.89047971968096,1.00684142019918,1.95713100952894,1.55264793827787,1.51126813772659,53.4637506569101,1.79707532087205,1.7150572537049,1.58264684937086,1.4723307087423,1.52995618457438,1.56401122108289,1.28801216943563,1.67028611557106,1.63378795265862,1.61496176785555,1.54037056795339,1.72657001797416,1.52091650782196,1.09833979331811,1.29012079224462,1.30683260285614,1.52031980572283,1.36486624989885,1.01293631597093,1.53508455703737,1.00877121370694,1.78259418335864,1.1922407737897,1.21856141519666,1.87848158780415,1.91730745924511,1.6618987683495,1.81130888211136,1.05774645649723,1.36668765561967,1.27505953855582,1.85482177736928,1.0817449088589,1.85770638839235,1.32715248564591,1.61170109389895,1.42171760900957,1.61516465508154,1.28198720900434,1.05550556120253,1.23012642247143,1.82235777695773,1.78207557917669,1.75104293029338,1.92069757027584,1.07219637142131
1.15553777672143,1.89447853523049,1.80651202928578,1.01753885066953,1.72975452138565,1.79707532087205,53.8534060324791,1.16834270636008,1.66439525022376,1.73188761981758,1.0856501656052,1.3262940181076,1.54319650146328,1.14339662210243,1.69298167372727,1.81825604048476,1.99821839947171,1.77472658305183,1.67596242841145,1.32537088465196,1.38642767648512,1.09768003695536,1.9405355397335,1.66841488548946,1.1531855981579,1.17066196173926,1.49077266244719,1.93526117780025,1.92170489203264,1.41147023225737,1.0074575487559,1.97958042518216,1.85248760825605,1.44452017007606,1.05039227383695,1.82858954082643,1.89035400510316,1.90379830631604,1.99693224765217,1.55474925486126,1.63568592613362,1.08258241279171,1.88104327296887,1.17888242713124,1.22597903489414,1.57402494623048,1.997138467616,1.22419743390018,1.34875152881665,1.67310089556179,1.54956831855214,1.73517920530177
1.47618015225799,1.13259686815208,1.4258287560315,1.10314027085115,1.02300533327414,1.7150572537049,1.16834270636008,53.5824707111262,1.30583698503014,1.8666852572312,1.56205113584271,1.15832459328618,1.3112054268416,1.61244340967966,1.98691413411261,1.20155943147911,1.51624171599571,1.98384638129913,1.75630868634037,1.15192764166367,1.06642879362517,1.63735195884358,1.3308100687949,1.29240782851931,1.21137690460839,1.3279485364109,1.51660526241949,1.5601284338907,1.00104943150703,1.06617358050597,1.29530763872681,1.77183036448985,1.55627743832594,1.69890172951804,1.6957968951649,1.21704325741951,1.5932684822908,1.55502460317455,1.79951396901138,1.8991054677866,1.42170985994009,1.36156510438843,1.05743006060712,1.73291528678169,1.97400851453375,1.04434419425407,1.9344747182608,1.4902502300638,1.02819057555319,1.69078340413551,1.64217787172747,1.09461936917837
1.67075603020878,1.28510403366997,1.67136369350895,1.32083277558947,1.57900514201215,1.58264684937086,1.66439525022376,1.30583698503014,53.9698060415545,1.39494833973932,1.0738162724645,1.52608347941473,1.0938500687917,1.7696131676294,1.7431267372999,1.68711855154816,1.32463777033828,1.54264070584562,1.58622401886909,1.74634763027837,1.90420581023405,1.64365407947621,1.4792629165944,1.87821432430214,1.68799827373028,1.41373763438954,1.36846455390028,1.71618884928347,1.10452103805939,1.01064242516209,1.8108082189275,1.43265640057281,1.98363036615012,1.19783541662518,1.97216866769463,1.28456684215207,1.10146787674235,1.07180936824149,1.58655275059238,1.07127391783114,1.46675770798081,1.66036902305687,1.59735739771154,1.56060777677251,1.42998219022061,1.34048413454578,1.24772632785501,1.75461996055889,1.88312484039139,1.83395034672411,1.5009675903716,1.78733065015978
1.15211212968086,1.09959274209086,1.7754780881924,1.93876090736071,1.68788477344806,1.4723307087423,1.73188761981758,1.8666852572312,1.39494833973932,53.6925997672102,1.93114557952208,1.02828231920874,1.89043518383542,1.90331424721671,1.31284916136081,1.99190306104343,1.9751236154582,1.89940191241885,1.06317697840891,1.44188132297335,1.55977093501006,1.66053437612044,1.00248909928021,1.98975312569633,1.00101851020056,1.25021542760088,1.74437308578956,1.88414335059195,1.08416577385932,1.24534067616115,1.67147400075173,1.56177020005964,1.22557118266149,1.33701897474798,1.72737289952458,1.61953932401703,1.37102850264452,1.60916444780732,1.11802850250063,1.4156804561688,1.30176421501756,1.04917408202271,1.44396277537754,1.19219939838732,1.95248832923942,1.75681193720401,1.18410245896508,1.92761194423196,1.65621384915719,1.24727943783965,1.36949326673965,1.21598478370159
1.23778371104867,1.96329628208806,1.91169356410936,1.11930884845523,1.47076870988625,1.52995618457438,1.0856501656052,1.56205113584271,1.0738162724645,1.93114557952208,53.2681337675397,1.42102285354446,1.80146864978665,1.99550666706427,1.04056217709582,1.17249715243117,1.60467111440593,1.15859068006211,1.58817760859997,1.90643532942349,1.20776476208482,1.03214038397751,1.09863472781081,1.16025309085858,1.78895232118152,1.28273718677589,1.08786503462487,1.44516616987305,1.53001662461554,1.45735830136452,1.66115095357464,1.43783043857563,1.82934066738437,1.86688886297256,1.34666276273628,1.4515384610051,1.81699985769438,1.13963843702322,1.15790202848516,1.01245152811168,1.60408811252755,1.42603579602485,1.43347438165614,1.40555676184853,1.42154246262346,1.47403655921763,1.5780539142797,1.02621357656373,1.63262723927974,1.16623152287967,1.93264890645288,1.84039200136456
1.89955556620823,1.86106453224135,1.97423130784846,1.37591227440904,1.87996135506777,1.56401122108289,1.3262940181076,1.15832459328618,1.52608347941473,1.02828231920874,1.42102285354446,53.3752090946656,1.96053021352763,1.62853064650136,1.82674755567068,1.77753007075634,1.76816908352457,1.98464958415583,1.78998159886803,1.37225719558646,1.41068537971502,1.22345598052417,1.77781395790065,1.83222784233849,1.69749253974179,1.35586787171469,1.85844141936788,1.33011977855587,1.52209939459437,1.79109032535511,1.17051177945478,1.72047130145154,1.82237395915313,1.17115687121225,1.70779552902458,1.13639477926139,1.2596669975946,1.140285926005,1.9804322249165,1.80553542534147,1.23392727702573,1.26230010821591,1.18074451954139,1.1944574900877,1.89083075471727,1.00749207521206,1.9719875613097,1.65899983824184,1.9921416593679,1.76196915971207,1.03125703336264,1.40282703908292
1.00378072960478,1.54518760626446,1.66978975416617,1.67093618338506,1.86401078704,1.28801216943563,1.54319650146328,1.3112054268416,1.0938500687917,1.89043518383542,1.80146864978665,1.96053021352763,53.3547061082696,1.11530508758282,1.8433553636276,1.61437310586421,1.25559101405348,1.82378758807843,1.41990853074002,1.48951829107921,1.08608769629434,1.60065305074707,1.68397578116691,1.97691845101161,1.60814512595914,1.65596334201096,1.63591828878779,1.60028678486137,1.41793250172303,1.66717532261609,1.00311382347863,1.4033576414936,1.47624631341372,1.23816870490004,1.08627532100597,1.64118517639171,1.33166500475801,1.09931277860855,1.32822343396406,1.21625162997108,1.28286201613157,1.73573299298796,1.92321221387163,1.63756812440118,1.85103808057077,1.76656757703357,1.2519412302654,1.10662909415859,1.590355165112,1.67184976100542,1.59614738523781,1.67644286140634
1.08309741694624,1.74215813201953,1.46089906592895,1.24803496955337,1.51119468291811,1.67028611557106,1.14339662210243,1.61244340967966,1.7696131676294,1.90331424721671,1.99550666706427,1.62853064650136,1.11530508758282,53.8436519726383,1.07388641269593,1.05388225524401,1.94296475124683,1.40210984665999,1.2701338852151,1.22582676691274,1.13784283918228,1.19334609862107,1.86339489177959,1.98888091975305,1.9599136761203,1.11533612157932,1.09551001391164,1.55026884076664,1.78718588258474,1.69165739914945,1.22671170170731,1.05968869387158,1.97178056555417,1.8800730136596,1.94033663111755,1.90786707396985,1.16935261393401,1.42127135275922,1.26188608317724,1.12580753682452,1.90531989881085,1.01926273434389,1.5585087735944,1.6275371488312,1.86291470698217,1.63239518629033,1.68141940407521,1.805879458229,1.03450503248465,1.95155328929031,1.03170622467608,1.17234787166694
1.7593940257837,1.22764892979881,1.13008541340478,1.92194284262226,1.92018761901194,1.63378795265862,1.69298167372727,1.98691413411261,1.7431267372999,1.31284916136081,1.04056217709582,1.82674755567068,1.8433553636276,1.07388641269593,53.8280438430738,1.93121923363359,1.21891979790242,1.08992992625103,1.05702676999244,1.12423969624761,1.10919266059491,1.61553554358684,1.75177684507881,1.97210736804274,1.24793072941151,1.43319624915402,1.77798682580608,1.28243576189617,1.38474953797867,1.80969305048217,1.4547836335631,1.52964892589005,1.70479416693784,1.61601242498309,1.63446198945607,1.71523140450717,1.87275122984906,1.28954389332307,1.51285452466125,1.82114743386449,1.17133749889738,1.37016633868691,1.74132420343409,1.93320411859695,1.16781478383011,1.56936804604222,1.86442335176488,1.38673458173253,1.65929797229324,1.92145012175732,1.51097427798015,1.76849063335382
1.26040192100238,1.8812621891877,1.57094284033912,1.36024246893834,1.59278473890982,1.61496176785555,1.81825604048476,1.20155943147911,1.68711855154816,1.99190306104343,1.17249715243117,1.77753007075634,1.61437310586421,1.05388225524401,1.93121923363359,53.0108994445814,1.53435171839518,1.26115797192844,1.83204687844592,1.70568921775822,1.63132431108101,1.57337108141434,1.63889333588951,1.79913909491111,1.14273912745655,1.50331668718872,1.18587367617799,1.8020370997498,1.42476680848038,1.69684795415813,1.57052773263796,1.96175247382454,1.95959907675143,1.3111257331032,1.74666886858021,1.65554644849875,1.82971055937452,1.81402102523205,1.73624335822474,1.15798843566235,1.33615681498132,1.34658919337512,1.19106047842235,1.47430503017935,1.59139701844724,1.9393639261552,1.48520447476078,1.12574873684242,1.20052189808363,1.31725135274103,1.83143795460064,1.83184620916464
1.66792469269965,1.67655775867242,1.9045831034447,1.18327311947163,1.56915950661952,1.54037056795339,1.99821839947171,1.51624171599571,1.32463777033828,1.9751236154582,1.60467111440593,1.76816908352457,1.25559101405348,1.94296475124683,1.21891979790242,1.53435171839518,53.9208571523991,1.86509581602416,1.70475112213974,1.25701396691474,1.21168500939928,1.8958116005621,1.73131899709409,1.80308202784652,1.83517552671729,1.21652347138921,1.92883076468894,1.03569742433526,1.53377482459591,1.76026871882392,1.8675436334999,1.42439725875128,1.23060000838274,1.49852893664433,1.45775882036321,1.20424798513029,1.31538791596675,1.29315748125927,1.60266277082388,1.8290948494473,1.69908387525896,1.96283002987636,1.30240085874796,1.41613600236184,1.06966615657772,1.43125331701304,1.96289868883924,1.9905233089768,1.29634913257153,1.66764981051332,1.24753727542587,1.50803414197081
1.56791509621214,1.07041347961426,1.41853638757883,1.89380216686698,1.06355415334159,1.72657001797416,1.77472658305183,1.98384638129913,1.54264070584562,1.89940191241885,1.15859068006211,1.98464958415583,1.82378758807843,1.40210984665999,1.08992992625103,1.26115797192844,1.86509581602416,53.0377264172014,1.94488969582361,1.60355200367214,1.00055644661214,1.24729055457157,1.01968800556831,1.07022260318986,1.6785438715846,1.98258669440755,1.060745911701,1.97489300415613,1.65023650445521,1.30828318712687,1.48292714612695,1.21369791506496,1.28713945964684,1.79404331594428,1.61233485192635,1.48251920402167,1.03399024951923,1.046669213123,1.21167377206109,1.03420590238376,1.34854720735389,1.36522559931745,1.26502156409669,1.14895413822911,1.97653624647136,1.70008521093991,1.26474898460542,1.88100437488454,1.73781162814135,1.20963868042903,1.48455637855667,1.73836807475349
1.38012687227695,1.88809280231972,1.75719996018205,1.72091244800059,1.6423914663691,1.52091650782196,1.67596242841145,1.75630868634037,1.58622401886909,1.06317697840891,1.58817760859997,1.78998159886803,1.41990853074002,1.2701338852151,1.05702676999244,1.83204687844592,1.70475112213974,1.94488969582361,53.4555327237842,1.35831676999029,1.52417781135262,1.72055428788092,1.5072709082194,1.50071405782398,1.42063949835516,1.77201989329048,1.38171843224285,1.15845112603086,1.98165857371951,1.86627481079953,1.89681920078435,1.43858780825445,1.37051919492451,1.70540987826204,1.57406091437398,1.85735027345705,1.57474646744074,1.68442702418399,1.99441785597914,1.75236624421196,1.27772028012095,1.34518335356618,1.21712548016437,1.66505685153653,1.30828370307958,1.16440392013844,1.08638367247134,1.31805326571597,1.32335613217361,1.54191639672123,1.67637003570626,1.84753394399189
1.73648452467121,1.76306951500618,1.4478598830513,1.89398935758229,1.56588523768163,1.09833979331811,1.32537088465196,1.15192764166367,1.74634763027837,1.44188132297335,1.90643532942349,1.37225719558646,1.48951829107921,1.22582676691274,1.12423969624761,1.70568921775822,1.25701396691474,1.60355200367214,1.35831676999029,53.912115436472,1.16371192092249,1.98802857938596,1.57717228800858,1.47199562400207,1.15243249905875,1.66355596047992,1.79004888971804,1.47578863123236,1.20547235673548,1.4664189254243,1.32332257475859,1.46794304133763,1.65005986934996,1.67157057610879,1.15105322382928,1.60572070610045,1.40153700970185,1.99261453281744,1.54304011610478,1.99777825409443,1.7309950421243,1.91894733436357,1.96453869294587,1.17478542969319,1.86891546653067,1.78864940478869,1.19332228470283,1.50331062241612,1.607177972145,1.96422538392443,1.41542605888817,1.77088989353315
1.04131627224447,1.15096174047839,1.67028364337528,1.77735505428973,1.3262295370578,1.29012079224462,1.38642767648512,1.06642879362517,1.90420581023405,1.55977093501006,1.20776476208482,1.41068537971502,1.08608769629434,1.13784283918228,1.10919266059491,1.63132431108101,1.21168500939928,1.00055644661214,1.52417781135262,1.16371192092249,53.2171213567337,1.93922219934837,1.37901793298266,1.08603682279868,1.7278716036714,1.57234021768549,1.58934744521479,1.3350495758164,1.53656560114425,1.0047735036373,1.10593946888388,1.48881956352332,1.99737185053405,1.34882498595343,1.59350602496113,1.65352615744505,1.38175939274102,1.17398111716564,1.51515282109154,1.88111272495292,1.0777787845944,1.84472252607566,1.03052592558345,1.65314702859761,1.32534545442338,1.78565983278009,1.63005228137134,1.79858291558855,1.08383385515019,1.60473578823951,1.00281541841236,1.30095521188386
1.82016584175647,1.79447898119431,1.80452161180066,1.05581373444563,1.06791046777177,1.30683260285614,1.09768003695536,1.63735195884358,1.64365407947621,1.66053437612044,1.03214038397751,1.22345598052417,1.60065305074707,1.19334609862107,1.61553554358684,1.57337108141434,1.8958116005621,1.24729055457157,1.72055428788092,1.98802857938596,1.93922219934837,53.3550416647247,1.47797168813551,1.31723179217299,1.14070149703915,1.10802396950686,1.11581470729588,1.224535352655,1.71275975774636,1.1186301261739,1.52549056453886,1.25671774440292,1.50046347756892,1.91248259968706,1.52854733519654,1.45463704664942,1.88882207958439,1.1354265013409,1.94537621640851,1.86993506311902,1.8482451368348,1.92493494969091,1.8484198971877,1.90988875828213,1.49799970700312,1.48043088823577,1.35329177200482,1.24504558194664,1.62759470037538,1.67780751068043,1.06987024195021,1.61948103812499
1.02058003564392,1.85336200094473,1.5363242684567,1.27449534939346,1.23354715166313,1.52031980572283,1.9405355397335,1.3308100687949,1.4792629165944,1.00248909928021,1.09863472781081,1.77781395790065,1.68397578116691,1.86339489177959,1.75177684507881,1.63889333588951,1.73131899709409,1.01968800556831,1.5072709082194,1.57717228800858,1.37901793298266,1.47797168813551,53.0474511324649,1.49456906015732,1.92366711652077,1.40074290446972,1.73961464256962,1.55126181643049,1.07855041515015,1.80948488451982,1.17074285455548,1.11139959008964,1.35732681413988,1.1074556843878,1.28495026253394,1.01319271373246,1.15998322198167,1.68303628763325,1.38181837060573,1.33114088574943,1.60661287727142,1.00716177188194,1.00276202708611,1.44267206566533,1.16105250882034,1.12902021460655,1.16755333364362,1.45036974709964,1.2006546185355,1.76236966474092,1.58793212174807,1.19722397168969
1.65033403395225,1.31460741875442,1.66418903119126,1.12180700764144,1.83693989032737,1.36486624989885,1.66841488548946,1.29240782851931,1.87821432430214,1.98975312569633,1.16025309085858,1.83222784233849,1.97691845101161,1.98888091975305,1.97210736804274,1.79913909491111,1.80308202784652,1.07022260318986,1.50071405782398,1.47199562400207,1.08603682279868,1.31723179217299,1.49456906015732,53.1614447376511,1.58163971387858,1.41090099067004,1.61181448475077,1.78229433241407,1.17327065494529,1.19974660649884,1.97951830456942,1.37887654750556,1.83512986117747,1.67131133641643,1.50814955565527,1.87125601986016,1.10271901036739,1.18868438023547,1.98593259415866,1.34361156883818,1.03996205937116,1.21200875808113,1.94183094144884,1.99869542382597,1.7230351850032,1.55324302779196,1.11741200933112,1.91709789955853,1.54647348474081,1.56726948105137,1.71777349091963,1.5468657135716
1.51235357416438,1.46025918538694,1.07949219321808,1.52080043429546,1.41537231226236,1.01293631597093,1.1531855981579,1.21137690460839,1.68799827373028,1.00101851020056,1.78895232118152,1.69749253974179,1.60814512595914,1.9599136761203,1.24793072941151,1.14273912745655,1.83517552671729,1.6785438715846,1.42063949835516,1.15243249905875,1.7278716036714,1.14070149703915,1.92366711652077,1.58163971387858,53.9760572141856,1.77707276948591,1.0643318589145,1.52253069846077,1.34434225053729,1.78210534983413,1.06939641156671,1.36423123039502,1.74322649778017,1.7777068632551,1.96575992413133,1.11524863639625,1.0978317992286,1.34958294935039,1.66054143042329,1.61770334170093,1.71292427960454,1.58471077149022,1.97270474535073,1.74757694534379,1.01702966774676,1.19896216792937,1.8849486219161,1.63803294517008,1.41115218466667,1.36593186639526,1.29899828196457,1.83535095948509
1.26435156085731,1.20405640788565,1.5060508430498,1.22594418107809,1.26145153458298,1.53508455703737,1.17066196173926,1.3279485364109,1.41373763438954,1.25021542760088,1.28273718677589,1.35586787171469,1.65596334201096,1.11533612157932,1.43319624915402,1.50331668718872,1.21652347138921,1.98258669440755,1.77201989329048,1.66355596047992,1.57234021768549,1.10802396950686,1.40074290446972,1.41090099067004,1.77707276948591,53.1050980110211,1.58781207566513,1.43279147773645,1.47102987741634,1.8868103576297,1.26814243675589,1.25977593020526,1.84546939974905,1.25072735513129,1.02457919624847,1.58120121088866,1.29764413288685,1.31191316121813,1.66127527256556,1.12666626001087,1.66864353775449,1.10558056417181,1.69891488491507,1.8030807770803,1.5156457799094,1.38641214621552,1.03534981563471,1.27529394453172,1.73445083747359,1.88532219635571,1.74786638922424,1.66720030022189
1.08149581359769,1.14617778879878,1.33465217674833,1.37084206490351,1.53092336260291,1.00877121370694,1.49077266244719,1.51660526241949,1.36846455390028,1.74437308578956,1.08786503462487,1.85844141936788,1.63591828878779,1.09551001391164,1.77798682580608,1.18587367617799,1.92883076468894,1.060745911701,1.38171843224285,1.79004888971804,1.58934744521479,1.11581470729588,1.73961464256962,1.61181448475077,1.0643318589145,1.58781207566513,53.0760680339653,1.92538814476011,1.53280828033239,1.82393442318958,1.59258844451634,1.24080760136284,1.79195020151881,1.20956787476762,1.97044621592874,1.86506399086912,1.41435938114969,1.13287630729977,1.40920765763577,1.5059612446958,1.56344883589235,1.21312725414202,1.44303250752531,1.24474871961621,1.0416260473624,1.96130498124347,1.22369273576126,1.1820380018009,1.14085272659587,1.32930301238285,1.9910934939939,1.42598103658575
1.83113784055744,1.69395448625738,1.42487625424977,1.40432352172412,1.65663632315427,1.78259418335864,1.93526117780025,1.5601284338907,1.71618884928347,1.88414335059195,1.44516616987305,1.33011977855587,1.60028678486137,1.55026884076664,1.28243576189617,1.8020370997498,1.03569742433526,1.97489300415613,1.15845112603086,1.47578863123236,1.3350495758164,1.224535352655,1.55126181643049,1.78229433241407,1.52253069846077,1.43279147773645,1.92538814476011,53.5178207845976,1.48884755535463,1.62086423049721,1.94380182118332,1.62267572880847,1.22409399283309,1.17055694673702,1.94744120954882,1.47480983961132,1.47338010718738,1.19759483458362,1.25833396672194,1.60013769036165,1.04033690413476,1.28266569566106,1.51884547458908,1.09264684845351,1.27744364006326,1.30261724968563,1.55931617438761,1.40509789176523,1.49559668241795,1.5319467440862,1.09620097935954,1.90170336975795
1.27961037693527,1.93487768710352,1.36387021996261,1.93459297341043,1.01026836550341,1.1922407737897,1.92170489203264,1.00104943150703,1.10452103805939,1.08416577385932,1.53001662461554,1.52209939459437,1.41793250172303,1.78718588258474,1.38474953797867,1.42476680848038,1.53377482459591,1.65023650445521,1.98165857371951,1.20547235673548,1.53656560114425,1.71275975774636,1.07855041515015,1.17327065494529,1.34434225053729,1.47102987741634,1.53280828033239,1.48884755535463,53.6724033288995,1.61871707654498,1.24903800489802,1.62001315020957,1.65076986358071,1.59847410889271,1.94459102998701,1.84236719358823,1.57768094939072,1.78698969389637,1.52281207848471,1.17775201945461,1.57319017852339,1.82593269265533,1.00191708281726,1.5299476103531,1.07649451590911,1.30089198579122,1.96008514937017,1.52465117374652,1.85820085548712,1.99036037828324,1.01314473571868,1.69817542084408
1.27826261300513,1.71423268398001,1.76818483777725,1.06773700428556,1.11889619246074,1.21856141519666,1.41147023225737,1.06617358050597,1.01064242516209,1.24534067616115,1.45735830136452,1.79109032535511,1.66717532261609,1.69165739914945,1.80969305048217,1.69684795415813,1.76026871882392,1.30828318712687,1.86627481079953,1.4664189254243,1.0047735036373,1.1186301261739,1.80948488451982,1.19974660649884,1.78210534983413,1.8868103576297,1.82393442318958,1.62086423049721,1.61871707654498,53.4129990518154,1.2006840972233,1.35180333086839,1.00728419795972,1.01627772302193,1.74302236584156,1.74202592938301,1.35438744554035,1.48157603595479,1.14917098924013,1.31121424460374,1.4691677114317,1.17632919930682,1.91881090724785,1.05523349580133,1.14807843889486,1.36877476254887,1.21898022909601,1.90681737237927,1.34155069680025,1.56047898231097,1.23874648345576,1.14025932324131
1.20511420732602,1.96896605937228,1.92122205622551,1.95813025252807,1.67525538833591,1.87848158780415,1.0074575487559,1.29530763872681,1.8108082189275,1.67147400075173,1.66115095357464,1.17051177945478,1.00311382347863,1.22671170170731,1.4547836335631,1.57052773263796,1.8675436334999,1.48292714612695,1.89681920078435,1.32332257475859,1.10593946888388,1.52549056453886,1.17074285455548,1.97951830456942,1.06939641156671,1.26814243675589,1.59258844451634,1.94380182118332,1.24903800489802,1.2006840972233,53.7026705167734,1.51906429488168,1.29739164947411,1.71813298236492,1.06726693458262,1.21997672609052,1.13344976405308,1.11797825112845,1.9548840522556,1.96176559802227,1.36937366489757,1.04159470835775,1.79736562948551,1.6370468021543,1.87132773076712,1.37499159033177,1.25910738448571,1.18263678819995,1.10178854041816,1.19238221142086,1.96311355799582,1.00491468981137
1.83069941393598,1.4858648076122,1.01616857760407,1.44776337661211,1.81489893133515,1.91730745924511,1.97958042518216,1.77183036448985,1.43265640057281,1.56177020005964,1.43783043857563,1.72047130145154,1.4033576414936,1.05968869387158,1.52964892589005,1.96175247382454,1.42439725875128,1.21369791506496,1.43858780825445,1.46794304133763,1.48881956352332,1.25671774440292,1.11139959008964,1.37887654750556,1.36423123039502,1.25977593020526,1.24080760136284,1.62267572880847,1.62001315020957,1.35180333086839,1.51906429488168,53.6753712835141,1.54065871729546,1.67893822569351,1.94069972631554,1.39417303465035,1.69307946399463,1.76843936218342,1.86285682900942,1.90398914641886,1.29884951482473,1.85060491825016,1.41229047785154,1.54739265029663,1.90561994160787,1.14056853537474,1.92938554935594,1.07861321609403,1.82373064515355,1.27314404597187,1.62098015594342,1.54848746282444
1.57596049857138,1.30286761433951,1.05507949881958,1.30095621258996,1.98136437171202,1.6618987683495,1.85248760825605,1.55627743832594,1.98363036615012,1.22557118266149,1.82934066738437,1.82237395915313,1.47624631341372,1.97178056555417,1.70479416693784,1.95959907675143,1.23060000838274,1.28713945964684,1.37051919492451,1.65005986934996,1.99737185053405,1.50046347756892,1.35732681413988,1.83512986117747,1.74322649778017,1.84546939974905,1.79195020151881,1.22409399283309,1.65076986358071,1.00728419795972,1.29739164947411,1.54065871729546,53.7190289510037,1.51676306012867,1.64775255166355,1.95794397404322,1.44005640756341,1.19604069702143,1.82776233406168,1.10518464916627,1.36714778950771,1.37295197759427,1.31097160853025,1.21719310722183,1.85884134697674,1.91093160254459,1.76031788893059,1.11317007807697,1.37374842463701,1.20743181659255,1.66634832493325,1.68717016544527
1.44559486370794,1.89431166597377,1.73217527649001,1.17612601359194,1.81568146115899,1.81130888211136,1.44452017007606,1.69890172951804,1.19783541662518,1.33701897474798,1.86688886297256,1.17115687121225,1.23816870490004,1.8800730136596,1.61601242498309,1.3111257331032,1.49852893664433,1.79404331594428,1.70540987826204,1.67157057610879,1.34882498595343,1.91248259968706,1.1074556843878,1.67131133641643,1.7777068632551,1.25072735513129,1.20956787476762,1.17055694673702,1.59847410889271,1.01627772302193,1.71813298236492,1.67893822569351,1.51676306012867,53.5137415637792,1.34687405840814,1.2023436712112,1.71760830875375,1.23738680837554,1.30231982949298,1.84011010725056,1.5000906081405,1.11966465046614,1.68164085628541,1.27955746756846,1.58476202356851,1.48111557889782,1.49908073455984,1.24590009322665,1.1083526355719,1.82378865118315,1.27418595239249,1.10854166937458
1.77886184993147,1.54920550228525,1.12872612063248,1.04042597303187,1.14032993099668,1.05774645649723,1.05039227383695,1.6957968951649,1.97216866769463,1.72737289952458,1.34666276273628,1.70779552902458,1.08627532100597,1.94033663111755,1.63446198945607,1.74666886858021,1.45775882036321,1.61233485192635,1.57406091437398,1.15105322382928,1.59350602496113,1.52854733519654,1.28495026253394,1.50814955565527,1.96575992413133,1.02457919624847,1.97044621592874,1.94744120954882,1.94459102998701,1.74302236584156,1.06726693458262,1.94069972631554,1.64775255166355,1.34687405840814,53.171081146305,1.75809221144677,1.89242385136542,1.09752000081237,1.49678265699036,1.47074514416547,1.63148857263452,1.51553799701647,1.45453444237566,1.67919870777018,1.88116739545072,1.64066741179706,1.44451715119393,1.48418360226051,1.12912021024577,1.04994570186825,1.58729041674514,1.73723765962629
1.36658439755746,1.15585410555632,1.54603056821322,1.04022626394417,1.06977673157574,1.36668765561967,1.82858954082643,1.21704325741951,1.28456684215207,1.61953932401703,1.4515384610051,1.13639477926139,1.64118517639171,1.90786707396985,1.71523140450717,1.65554644849875,1.20424798513029,1.48251920402167,1.85735027345705,1.60572070610045,1.65352615744505,1.45463704664942,1.01319271373246,1.87125601986016,1.11524863639625,1.58120121088866,1.86506399086912,1.47480983961132,1.84236719358823,1.74202592938301,1.21997672609052,1.39417303465035,1.95794397404322,1.2023436712112,1.75809221144677,53.8592013487868,1.54321089877897,1.21993942801838,1.41643473152837,1.6250731160981,1.18675643586868,1.13866995840271,1.93956577076556,1.10622478467702,1.03198633158206,1.01215063641414,1.91811698531644,1.02282270557379,1.58151815998439,1.20075432919001,1.64514765266569,1.66642368010544
1.33607458292324,1.90115308663862,1.68930628601895,1.72877395186982,1.32694959841992,1.27505953855582,1.89035400510316,1.5932684822908,1.10146787674235,1.37102850264452,1.81699985769438,1.2596669975946,1.33166500475801,1.16935261393401,1.87275122984906,1.82971055937452,1.31538791596675,1.03399024951923,1.57474646744074,1.40153700970185,1.38175939274102,1.88882207958439,1.15998322198167,1.10271901036739,1.0978317992286,1.29764413288685,1.41435938114969,1.47338010718738,1.57768094939072,1.35438744554035,1.13344976405308,1.69307946399463,1.44005640756341,1.71760830875375,1.89242385136542,1.54321089877897,53.3244279577976,1.56811006021132,1.37014644470538,1.44472800448757,1.63503184897594,1.99184668017172,1.57252968408751,1.87626783823421,1.85174862707581,1.55953271200859,1.66071472534012,1.93159000246394,1.96297047145803,1.07023472854413,1.19818781278943,1.50507818931019
1.93439962711856,1.44368403751575,1.93523815038392,1.0579648237014,1.87008445238233,1.85482177736928,1.90379830631604,1.55502460317455,1.07180936824149,1.60916444780732,1.13963843702322,1.140285926005,1.09931277860855,1.42127135275922,1.28954389332307,1.81402102523205,1.29315748125927,1.046669213123,1.68442702418399,1.99261453281744,1.17398111716564,1.1354265013409,1.68303628763325,1.18868438023547,1.34958294935039,1.31191316121813,1.13287630729977,1.19759483458362,1.78698969389637,1.48157603595479,1.11797825112845,1.76843936218342,1.19604069702143,1.23738680837554,1.09752000081237,1.21993942801838,1.56811006021132,53.2621973614498,1.11846080427918,1.61684622923697,1.59468709425753,1.90172472870989,1.72373534446756,1.1688516722847,1.43037399157433,1.71207228522379,1.06744420764383,1.52713331418444,1.07055567021973,1.41076474795619,1.25892448577048,1.42088573585306
1.84276455028111,1.28845097417405,1.97185932424472,1.14336653479532,1.09278206484987,1.0817449088589,1.99693224765217,1.79951396901138,1.58655275059238,1.11802850250063,1.15790202848516,1.9804322249165,1.32822343396406,1.26188608317724,1.51285452466125,1.73624335822474,1.60266277082388,1.21167377206109,1.99441785597914,1.54304011610478,1.51515282109154,1.94537621640851,1.38181837060573,1.98593259415866,1.66054143042329,1.66127527256556,1.40920765763577,1.25833396672194,1.52281207848471,1.14917098924013,1.9548840522556,1.86285682900942,1.82776233406168,1.30231982949298,1.49678265699036,1.41643473152837,1.37014644470538,1.11846080427918,53.4702971933737,1.91726201582573,1.82867272283354,1.70339185265051,1.90861856048397,1.03505946650871,1.47537239011162,1.66479201040454,1.94013903846039,1.50955028902253,1.53942626460429,1.46206483918338,1.13841528219097,1.31578524751392
1.00683061313202,1.18625711984292,1.36066997906224,1.04960672745928,1.90595474043207,1.85770638839235,1.55474925486126,1.8991054677866,1.07127391783114,1.4156804561688,1.01245152811168,1.80553542534147,1.21625162997108,1.12580753682452,1.82114743386449,1.15798843566235,1.8290948494473,1.03420590238376,1.75236624421196,1.99777825409443,1.88111272495292,1.86993506311902,1.33114088574943,1.34361156883818,1.61770334170093,1.12666626001087,1.5059612446958,1.60013769036165,1.17775201945461,1.31121424460374,1.96176559802227,1.90398914641886,1.10518464916627,1.84011010725056,1.47074514416547,1.6250731160981,1.44472800448757,1.61684622923697,1.91726201582573,53.4177971162916,1.20498068081447,1.89591030445691,1.52674667002947,1.42004329730759,1.98020783810886,1.63122772361675,1.46387830025697,1.70939518451197,1.20600597057771,1.42497531856642,1.26725525328296,1.48417607018919
1.08651175633376,1.5432767796066,1.71071623811066,1.99672573106211,1.55796922583038,1.32715248564591,1.63568592613362,1.42170985994009,1.46675770798081,1.30176421501756,1.60408811252755,1.23392727702573,1.28286201613157,1.90531989881085,1.17133749889738,1.33615681498132,1.69908387525896,1.34854720735389,1.27772028012095,1.7309950421243,1.0777787845944,1.8482451368348,1.60661287727142,1.03996205937116,1.71292427960454,1.66864353775449,1.56344883589235,1.04033690413476,1.57319017852339,1.4691677114317,1.36937366489757,1.29884951482473,1.36714778950771,1.5000906081405,1.63148857263452,1.18675643586868,1.63503184897594,1.59468709425753,1.82867272283354,1.20498068081447,53.3553230754823,1.1807831880547,1.52047284949593,1.56041183860992,1.64029817452668,1.89936508559592,1.93412243432092,1.161870489438,1.49440859188065,1.72563014585787,1.8884234851638,1.98536240262229
1.08054826086413,1.25174725579645,1.88355288788842,1.2626753837162,1.56355077473612,1.61170109389895,1.08258241279171,1.36156510438843,1.66036902305687,1.04917408202271,1.42603579602485,1.26230010821591,1.73573299298796,1.01926273434389,1.37016633868691,1.34658919337512,1.96283002987636,1.36522559931745,1.34518335356618,1.91894733436357,1.84472252607566,1.92493494969091,1.00716177188194,1.21200875808113,1.58471077149022,1.10558056417181,1.21312725414202,1.28266569566106,1.82593269265533,1.17632919930682,1.04159470835775,1.85060491825016,1.37295197759427,1.11966465046614,1.51553799701647,1.13866995840271,1.99184668017172,1.90172472870989,1.70339185265051,1.89591030445691,1.1807831880547,53.4275959564501,1.79559571845252,1.4489097960521,1.5980203438541,1.88969579939251,1.49300539842481,1.8309163659955,1.07337289446656,1.81761444351525,1.4191354636192,1.43783317759532
1.90638617934025,1.04732165161861,1.33490128644505,1.42551900186833,1.78591609503418,1.42171760900957,1.88104327296887,1.05743006060712,1.59735739771154,1.44396277537754,1.43347438165614,1.18074451954139,1.92321221387163,1.5585087735944,1.74132420343409,1.19106047842235,1.30240085874796,1.26502156409669,1.21712548016437,1.96453869294587,1.03052592558345,1.8484198971877,1.00276202708611,1.94183094144884,1.97270474535073,1.69891488491507,1.44303250752531,1.51884547458908,1.00191708281726,1.91881090724785,1.79736562948551,1.41229047785154,1.31097160853025,1.68164085628541,1.45453444237566,1.93956577076556,1.57252968408751,1.72373534446756,1.90861856048397,1.52674667002947,1.52047284949593,1.79559571845252,53.9384257122588,1.83084755243307,1.3272575891238,1.42833751739391,1.69962934390624,1.47855297684602,1.33476018688397,1.97112701086846,1.41285660183656,1.66877881282418
1.09029248593854,1.0884643854054,1.38050599181117,1.66766191444716,1.42198001240472,1.61516465508154,1.17888242713124,1.73291528678169,1.56060777677251,1.19219939838732,1.40555676184853,1.1944574900877,1.63756812440118,1.6275371488312,1.93320411859695,1.47430503017935,1.41613600236184,1.14895413822911,1.66505685153653,1.17478542969319,1.65314702859761,1.90988875828213,1.44267206566533,1.99869542382597,1.74757694534379,1.8030807770803,1.24474871961621,1.09264684845351,1.5299476103531,1.05523349580133,1.6370468021543,1.54739265029663,1.21719310722183,1.27955746756846,1.67919870777018,1.10622478467702,1.87626783823421,1.1688516722847,1.03505946650871,1.42004329730759,1.56041183860992,1.4489097960521,1.83084755243307,53.6328113496456,1.98795439022964,1.98021801047969,1.55637262740935,1.88395081734469,1.53559634999167,1.66401439330728,1.05983591082498,1.26142627385511
1.16364567781037,1.99390538781598,1.34445195381737,1.51071035326957,1.07474545718857,1.28198720900434,1.22597903489414,1.97400851453375,1.42998219022061,1.95248832923942,1.42154246262346,1.89083075471727,1.85103808057077,1.86291470698217,1.16781478383011,1.59139701844724,1.06966615657772,1.97653624647136,1.30828370307958,1.86891546653067,1.32534545442338,1.49799970700312,1.16105250882034,1.7230351850032,1.01702966774676,1.5156457799094,1.0416260473624,1.27744364006326,1.07649451590911,1.14807843889486,1.87132773076712,1.90561994160787,1.85884134697674,1.58476202356851,1.88116739545072,1.03198633158206,1.85174862707581,1.43037399157433,1.47537239011162,1.98020783810886,1.64029817452668,1.5980203438541,1.3272575891238,1.98795439022964,53.4893188967785,1.46926444464795,1.59806182915255,1.10205744444488,1.19231694852576,1.57935335514106,1.94385353706025,1.41699922011094
